# panel golden D1 — pool bars
# generated by status-panel/firmware/test/panelParityTest.c from fixtures/parity-fixture.json (PARITY_REGEN=1)
# 53x11, one line per row, 53 RRGGBB tokens per line, post-flush 0..255 per channel
frame t=0.000
E64555 73232A 000000 0A0E10 0B0F12 0C1114 0D1215 0D1215 0D1215 0D1215 0C1114 0B0F12 0A0E10 090C0F 080B0D 070A0C 070A0B E64555 E64555 E64555 E64555 E64555 E64555 E64555 000000 000000 000000 000000 000000 000000 000000 000000 000000 000000 000000 000000 000000 000000 000000 000000 000000 000000 000000 000000 000000 000000 000000 000000 000000 000000 000000 000000 000000
936415 4A320B 000000 0D1215 0D1215 0D1215 0D1215 0C1114 0B1012 0A0E11 090D0F 080B0D 080A0C 070A0B 070A0B 070A0C 080B0D 8E6014 8E6014 8E6014 8E6014 8E6014 8E6014 8E6014 000000 000000 000000 000000 000000 000000 000000 000000 000000 000000 000000 000000 000000 000000 000000 000000 000000 000000 000000 000000 000000 000000 000000 000000 000000 000000 000000 000000 000000
936415 4A320B 000000 0D1215 0C1114 0B1013 0A0E11 090D0F 080B0D 080A0C 070A0C 070A0B 070A0C 080B0D 090C0E 0A0E10 0B0F12 0C1013 0D1115 0D1215 0D1215 0D1215 0C1114 0B1012 0A0E11 090D0F 080B0D 080A0C 070A0B 070A0B 070A0C 080B0D 090C0E 0A0E10 0B0F12 0C1013 0D1115 0D1215 0D1215 343A43 343A43 343A43 343A43 343A43 343A43 343A43 8E6014 8E6014 8E6014 8E6014 8E6014 8E6014 8E6014
0B0F12 050709 000000 0B0F11 090D0F 080C0E 080B0C 070A0C 070A0B 070A0C 080B0D 090C0E 0A0D10 0B0F11 0C1013 0D1114 0D1215 000000 000000 000000 000000 000000 000000 000000 000000 000000 000000 000000 000000 000000 000000 000000 000000 000000 000000 000000 000000 000000 000000 000000 000000 000000 000000 000000 000000 000000 000000 000000 000000 000000 000000 000000 000000
000000 000000 000000 000000 000000 000000 000000 000000 000000 000000 000000 000000 000000 000000 000000 000000 000000 000000 000000 000000 000000 000000 000000 000000 000000 000000 000000 000000 000000 000000 000000 000000 000000 000000 000000 000000 000000 000000 000000 000000 000000 000000 000000 000000 000000 000000 000000 000000 000000 000000 000000 000000 000000
000000 000000 000000 000000 000000 000000 000000 000000 000000 000000 000000 000000 000000 000000 000000 000000 000000 000000 000000 000000 000000 000000 000000 000000 000000 000000 000000 000000 000000 000000 000000 000000 000000 000000 000000 000000 000000 000000 000000 000000 000000 000000 000000 000000 000000 000000 000000 000000 000000 000000 000000 000000 000000
040506 000000 040506 000000 040506 000000 040506 000000 040506 000000 040506 000000 040506 000000 040506 000000 040506 000000 040506 000000 040506 000000 040506 000000 040506 000000 040506 000000 040506 000000 040506 000000 040506 000000 040506 000000 040506 000000 040506 000000 040506 000000 040506 000000 040506 000000 040506 000000 040506 000000 040506 000000 040506
000000 000000 000000 000000 000000 000000 000000 000000 000000 000000 000000 000000 000000 000000 000000 000000 000000 000000 000000 000000 000000 000000 000000 000000 000000 000000 000000 000000 000000 000000 000000 000000 000000 000000 000000 000000 000000 000000 000000 000000 000000 000000 000000 000000 000000 000000 000000 000000 000000 000000 000000 000000 000000
000000 000000 000000 000000 000000 000000 000000 000000 000000 000000 000000 000000 000000 000000 000000 000000 000000 000000 000000 000000 000000 000000 000000 000000 000000 000000 000000 000000 000000 000000 000000 000000 000000 000000 000000 000000 000000 000000 000000 000000 000000 000000 000000 000000 000000 000000 000000 000000 000000 000000 000000 000000 000000
000000 000000 000000 000000 000000 000000 000000 000000 000000 000000 000000 000000 000000 000000 000000 000000 000000 000000 000000 000000 000000 000000 000000 000000 000000 000000 000000 000000 000000 000000 000000 000000 000000 000000 000000 000000 000000 000000 000000 000000 000000 000000 000000 000000 000000 000000 000000 000000 000000 000000 000000 000000 000000
000000 000000 000000 000000 000000 000000 000000 000000 000000 000000 000000 000000 000000 000000 000000 000000 000000 000000 000000 000000 000000 000000 000000 000000 000000 000000 000000 000000 000000 000000 000000 000000 000000 000000 000000 000000 000000 000000 000000 000000 000000 000000 000000 000000 000000 000000 000000 000000 000000 000000 000000 000000 000000
frame t=5.000
E64555 73232A 000000 070A0B 070A0B 070A0C 080B0D 090C0E 0A0E10 0B0F12 0C1113 0D1215 0D1215 0D1215 0D1215 0C1114 0B0F12 E64555 E64555 E64555 E64555 E64555 E64555 E64555 000000 000000 000000 000000 000000 000000 000000 000000 000000 000000 000000 000000 000000 000000 000000 000000 000000 000000 000000 000000 000000 000000 000000 000000 000000 000000 000000 000000 000000
936415 4A320B 000000 080B0D 090C0E 0A0E10 0B0F12 0C1013 0D1115 0D1215 0D1215 0D1215 0C1114 0B1012 0A0E11 090D0F 080B0D 8E6014 8E6014 8E6014 8E6014 8E6014 8E6014 8E6014 000000 000000 000000 000000 000000 000000 000000 000000 000000 000000 000000 000000 000000 000000 000000 000000 000000 000000 000000 000000 000000 000000 000000 000000 000000 000000 000000 000000 000000
936415 4A320B 000000 0B0F11 0C1013 0D1114 0D1215 0D1215 0D1215 0C1114 0C1013 0B0E11 090D0F 080C0E 080A0C 070A0C 070A0B 070A0C 080B0D 090C0E 0A0D10 0B0F12 0C1013 0D1114 0D1215 0D1215 0D1215 0C1114 0C1013 0A0E11 090D0F 080C0E 080A0C 070A0C 070A0B 070A0C 080B0D 090C0E 0A0D10 343A43 343A43 343A43 343A43 343A43 343A43 343A43 8E6014 8E6014 8E6014 8E6014 8E6014 8E6014 8E6014
0B0F12 050709 000000 0D1215 0D1215 0D1215 0D1114 0C1013 0B0F11 0A0D10 090C0E 080B0D 070A0C 070A0B 070A0C 080B0D 090C0E 000000 000000 000000 000000 000000 000000 000000 000000 000000 000000 000000 000000 000000 000000 000000 000000 000000 000000 000000 000000 000000 000000 000000 000000 000000 000000 000000 000000 000000 000000 000000 000000 000000 000000 000000 000000
000000 000000 000000 000000 000000 000000 000000 000000 000000 000000 000000 000000 000000 000000 000000 000000 000000 000000 000000 000000 000000 000000 000000 000000 000000 000000 000000 000000 000000 000000 000000 000000 000000 000000 000000 000000 000000 000000 000000 000000 000000 000000 000000 000000 000000 000000 000000 000000 000000 000000 000000 000000 000000
000000 000000 000000 000000 000000 000000 000000 000000 000000 000000 000000 000000 000000 000000 000000 000000 000000 000000 000000 000000 000000 000000 000000 000000 000000 000000 000000 000000 000000 000000 000000 000000 000000 000000 000000 000000 000000 000000 000000 000000 000000 000000 000000 000000 000000 000000 000000 000000 000000 000000 000000 000000 000000
CED6DF CED6DF CED6DF 000000 040506 000000 040506 000000 CED6DF CED6DF CED6DF 000000 CED6DF CED6DF CED6DF 000000 CED6DF CED6DF CED6DF 000000 CED6DF 000000 040506 000000 040506 000000 040506 000000 CED6DF CED6DF 040506 000000 CED6DF CED6DF CED6DF 000000 CED6DF CED6DF CED6DF 000000 CED6DF CED6DF CED6DF 000000 CED6DF CED6DF CED6DF 000000 CED6DF CED6DF 040506 000000 CED6DF
CED6DF 000000 000000 000000 000000 000000 000000 000000 CED6DF 000000 CED6DF 000000 CED6DF 000000 CED6DF 000000 CED6DF 000000 CED6DF 000000 CED6DF 000000 000000 000000 000000 000000 000000 000000 CED6DF 000000 CED6DF 000000 CED6DF 000000 000000 000000 CED6DF 000000 000000 000000 CED6DF 000000 CED6DF 000000 CED6DF 000000 CED6DF 000000 CED6DF 000000 CED6DF 000000 CED6DF
CED6DF CED6DF CED6DF 000000 000000 000000 000000 000000 CED6DF CED6DF CED6DF 000000 CED6DF 000000 CED6DF 000000 CED6DF 000000 CED6DF 000000 CED6DF 000000 000000 000000 000000 000000 000000 000000 CED6DF 000000 CED6DF 000000 CED6DF CED6DF CED6DF 000000 CED6DF 000000 CED6DF 000000 CED6DF CED6DF CED6DF 000000 CED6DF CED6DF CED6DF 000000 CED6DF 000000 CED6DF 000000 CED6DF
CED6DF 000000 000000 000000 000000 000000 000000 000000 CED6DF 000000 000000 000000 CED6DF 000000 CED6DF 000000 CED6DF 000000 CED6DF 000000 CED6DF 000000 000000 000000 000000 000000 000000 000000 CED6DF 000000 CED6DF 000000 CED6DF 000000 000000 000000 CED6DF 000000 CED6DF 000000 CED6DF CED6DF 000000 000000 CED6DF 000000 CED6DF 000000 CED6DF 000000 CED6DF 000000 CED6DF
CED6DF CED6DF CED6DF 000000 000000 000000 000000 000000 CED6DF 000000 000000 000000 CED6DF CED6DF CED6DF 000000 CED6DF CED6DF CED6DF 000000 CED6DF CED6DF CED6DF 000000 000000 000000 000000 000000 CED6DF CED6DF 000000 000000 CED6DF CED6DF CED6DF 000000 CED6DF CED6DF CED6DF 000000 CED6DF 000000 CED6DF 000000 CED6DF 000000 CED6DF 000000 CED6DF CED6DF 000000 000000 CED6DF
frame t=10.000
E64555 73232A 000000 0B1012 0A0E11 090D0F 080B0D 080A0C 070A0B 070A0B 070A0C 080B0D 090C0E 0A0E10 0B0F12 0C1013 0D1115 E64555 E64555 E64555 E64555 E64555 E64555 E64555 000000 000000 000000 000000 000000 000000 000000 000000 000000 000000 000000 000000 000000 000000 000000 000000 000000 000000 000000 000000 000000 000000 000000 000000 000000 000000 000000 000000 000000
936415 4A320B 000000 080C0E 080A0C 070A0C 070A0B 070A0C 080B0D 090C0E 0A0D10 0B0F12 0C1013 0D1114 0D1215 0D1215 0D1215 8E6014 8E6014 8E6014 8E6014 8E6014 8E6014 8E6014 000000 000000 000000 000000 000000 000000 000000 000000 000000 000000 000000 000000 000000 000000 000000 000000 000000 000000 000000 000000 000000 000000 000000 000000 000000 000000 000000 000000 000000
936415 4A320B 000000 070A0B 070A0C 080B0D 090C0E 0A0D10 0B0F11 0C1013 0D1114 0D1215 0D1215 0D1215 0D1114 0C1013 0B0F11 0A0D0F 090C0E 080B0C 070A0C 070A0B 070A0C 080B0D 090C0E 0A0D10 0B0F11 0C1013 0D1114 0D1215 0D1215 0D1215 0C1114 0C1013 0B0F11 090D0F 080C0E 080B0C 070A0C 343A43 343A43 343A43 343A43 343A43 343A43 343A43 8E6014 8E6014 8E6014 8E6014 8E6014 8E6014 8E6014
0B0F12 050709 000000 080C0E 090D0F 0B0E11 0C1013 0C1114 0D1215 0D1215 0D1215 0D1114 0C1013 0B0F11 0A0D10 090C0E 080B0D 000000 000000 000000 000000 000000 000000 000000 000000 000000 000000 000000 000000 000000 000000 000000 000000 000000 000000 000000 000000 000000 000000 000000 000000 000000 000000 000000 000000 000000 000000 000000 000000 000000 000000 000000 000000
000000 000000 000000 000000 000000 000000 000000 000000 000000 000000 000000 000000 000000 000000 000000 000000 000000 000000 000000 000000 000000 000000 000000 000000 000000 000000 000000 000000 000000 000000 000000 000000 000000 000000 000000 000000 000000 000000 000000 000000 000000 000000 000000 000000 000000 000000 000000 000000 000000 000000 000000 000000 000000
000000 000000 000000 000000 000000 000000 000000 000000 000000 000000 000000 000000 000000 000000 000000 000000 000000 000000 000000 000000 000000 000000 000000 000000 000000 000000 000000 000000 000000 000000 000000 000000 000000 000000 000000 000000 000000 000000 000000 000000 000000 000000 000000 000000 000000 000000 000000 000000 000000 000000 000000 000000 000000
040506 000000 040506 000000 040506 000000 040506 CED6DF CED6DF CED6DF 040506 CED6DF CED6DF CED6DF 040506 CED6DF CED6DF 000000 040506 CED6DF CED6DF CED6DF 040506 CED6DF 040506 CED6DF 040506 CED6DF 040506 CED6DF 040506 000000 040506 000000 040506 CED6DF CED6DF 000000 040506 CED6DF CED6DF CED6DF 040506 CED6DF 040506 CED6DF 040506 CED6DF CED6DF 000000 040506 000000 040506
000000 000000 000000 000000 000000 000000 000000 CED6DF 000000 CED6DF 000000 CED6DF 000000 CED6DF 000000 CED6DF 000000 CED6DF 000000 000000 CED6DF 000000 000000 CED6DF 000000 CED6DF 000000 CED6DF CED6DF CED6DF 000000 000000 000000 000000 000000 CED6DF 000000 CED6DF 000000 CED6DF 000000 CED6DF 000000 CED6DF 000000 CED6DF 000000 CED6DF 000000 CED6DF 000000 000000 000000
000000 000000 000000 000000 000000 000000 000000 CED6DF CED6DF CED6DF 000000 CED6DF CED6DF CED6DF 000000 CED6DF 000000 CED6DF 000000 000000 CED6DF 000000 000000 CED6DF 000000 CED6DF 000000 CED6DF CED6DF CED6DF 000000 000000 000000 000000 000000 CED6DF 000000 CED6DF 000000 CED6DF 000000 CED6DF 000000 CED6DF CED6DF CED6DF 000000 CED6DF 000000 CED6DF 000000 000000 000000
000000 000000 000000 000000 000000 000000 000000 CED6DF CED6DF 000000 000000 CED6DF 000000 CED6DF 000000 CED6DF 000000 CED6DF 000000 000000 CED6DF 000000 000000 CED6DF 000000 CED6DF 000000 CED6DF 000000 CED6DF 000000 000000 000000 000000 000000 CED6DF 000000 CED6DF 000000 CED6DF 000000 CED6DF 000000 CED6DF CED6DF CED6DF 000000 CED6DF 000000 CED6DF 000000 000000 000000
000000 000000 000000 000000 000000 000000 000000 CED6DF 000000 CED6DF 000000 CED6DF 000000 CED6DF 000000 CED6DF CED6DF 000000 000000 CED6DF CED6DF CED6DF 000000 CED6DF CED6DF CED6DF 000000 CED6DF 000000 CED6DF 000000 000000 000000 000000 000000 CED6DF CED6DF 000000 000000 CED6DF CED6DF CED6DF 000000 CED6DF 000000 CED6DF 000000 CED6DF 000000 CED6DF 000000 000000 000000
