# panel golden B0 — condition counts
# generated by status-panel/firmware/test/panelParityTest.c from fixtures/parity-fixture.json (PARITY_REGEN=1)
# 53x11, one line per row, 53 RRGGBB tokens per line, post-flush 0..255 per channel
frame t=0.000
000000 38C682 000000 38C682 000000 38C682 38C682 38C682 000000 000000 000000 000000 000000 000000 000000 000000 000000 000000 000000 000000 000000 000000 000000 FB4C5D 000000 000000 000000 1EA5D7 1EA5D7 000000 000000 1EA5D7 1EA5D7 1EA5D7 000000 1EA5D7 000000 1EA5D7 000000 1EA5D7 1EA5D7 000000 000000 000000 000000 000000 E84656 E84656 E84656 000000 E84656 E84656 E84656
000000 38C682 000000 38C682 000000 38C682 000000 38C682 000000 000000 000000 000000 000000 000000 000000 000000 000000 000000 000000 000000 000000 000000 FB4C5D FB4C5D 000000 000000 000000 1EA5D7 000000 1EA5D7 000000 1EA5D7 000000 1EA5D7 000000 1EA5D7 000000 1EA5D7 000000 1EA5D7 000000 1EA5D7 000000 000000 000000 000000 000000 E84656 000000 000000 000000 E84656 000000
000000 38C682 000000 38C682 000000 38C682 38C682 38C682 000001 000000 000000 000000 000000 000000 000000 000000 000000 000000 000000 000000 000000 000000 000000 FB4C5D 000000 000000 000000 1EA5D7 000000 1EA5D7 000000 1EA5D7 000000 1EA5D7 000000 1EA5D7 1EA5D7 1EA5D7 000000 1EA5D7 000000 1EA5D7 000000 000000 000000 000000 000000 E84656 000000 000000 000000 E84656 000000
000000 38C682 000000 38C682 000000 38C682 000000 000001 030405 000000 000000 000000 000000 000000 000000 000000 000000 000000 000000 000000 000000 000000 000000 FB4C5D 000000 000000 000000 1EA5D7 000000 1EA5D7 000000 1EA5D7 000000 1EA5D7 000000 1EA5D7 1EA5D7 1EA5D7 000000 1EA5D7 000000 1EA5D7 000000 000000 000000 000000 000000 E84656 000000 000000 000000 E84656 000000
000000 38C682 38C682 38C682 000000 38C682 000000 000000 172026 000000 000000 000000 000000 000000 000000 000000 000000 000000 000000 000000 000000 000000 FB4C5D FB4C5D FB4C5D 000000 000000 1EA5D7 1EA5D7 000000 000000 1EA5D7 1EA5D7 1EA5D7 000000 1EA5D7 000000 1EA5D7 000000 1EA5D7 000000 1EA5D7 000000 000000 000000 000000 000000 E84656 000000 000000 E84656 E84656 E84656
000000 000000 000000 000001 000000 000000 000000 000000 172026 000000 000000 000000 000000 000000 000000 000000 000000 000000 000000 000000 000000 000000 000000 000000 000000 000000 000000 000000 000000 000000 000000 000000 000000 000000 000000 000000 000000 000000 000000 000000 000000 000000 000000 000000 000000 000000 000000 000000 000000 000000 000000 000000 000000
000000 000000 000000 172026 000000 000000 000000 000000 172026 000000 000000 000000 000000 000000 000000 000000 000000 000000 000000 000000 000000 000000 E89D21 E89D21 E89D21 000000 000000 1EA5D7 1EA5D7 000000 000000 1EA5D7 1EA5D7 1EA5D7 000000 1EA5D7 1EA5D7 1EA5D7 000000 000000 000000 000000 1EA1D2 1EA1D2 1EA1D2 000000 000000 1EA5D7 000000 1EA5D7 000000 1EA5D7 1EA5D7
000000 000000 000000 172026 000000 000000 000000 000000 172026 000000 000000 000000 000000 000000 000000 000000 000000 000000 000000 000000 000000 000000 000000 000000 E89D21 000000 000000 1EA5D7 000000 1EA5D7 000000 1EA5D7 000000 000000 000000 1EA5D7 000000 000000 000000 000000 000000 000000 1EA1D2 000000 1EA1D2 000000 000000 1EA5D7 1EA5D7 1EA5D7 000000 1EA5D7 000000
000000 000000 172026 172026 172026 000000 000000 172026 172026 172026 000000 000000 000000 000000 000000 000000 000000 000000 000000 000000 000000 000000 E89D21 E89D21 E89D21 000000 000000 1EA5D7 000000 1EA5D7 000000 1EA5D7 1EA5D7 1EA5D7 000000 1EA5D7 000000 1EA5D7 000000 000000 000000 000000 1EA1D2 000000 1EA1D2 000000 000000 1EA5D7 1EA5D7 1EA5D7 000000 1EA5D7 000000
000000 000000 000000 000000 000000 000000 000000 000000 000000 000000 000000 000000 000000 000000 000000 000000 000000 000000 000000 000000 000000 000000 E89D21 000000 000000 000000 000000 1EA5D7 000000 1EA5D7 000000 1EA5D7 000000 000000 000000 1EA5D7 000000 1EA5D7 000000 000000 000000 000000 1EA1D2 000000 1EA1D2 000000 000000 1EA5D7 000000 1EA5D7 000000 1EA5D7 000000
000000 000000 000000 000000 000000 000000 000000 000000 000000 000000 000000 000000 000000 000000 000000 000000 000000 000000 000000 000000 000000 000000 E89D21 E89D21 E89D21 000000 000000 1EA5D7 1EA5D7 000000 000000 1EA5D7 1EA5D7 1EA5D7 000000 1EA5D7 1EA5D7 1EA5D7 000000 000000 000000 000000 1EA1D2 1EA1D2 1EA1D2 000000 000000 1EA5D7 000000 1EA5D7 000000 1EA5D7 000000
frame t=5.000
000000 38C682 000000 38C682 000000 38C682 38C682 38C682 000000 000000 000000 000000 000000 000000 000000 000000 000000 000000 000000 000000 000000 000000 000000 FB4C5D 000000 000000 000000 1EA5D7 1EA5D7 000000 000000 1EA5D7 1EA5D7 1EA5D7 000000 1EA5D7 000000 1EA5D7 000000 1EA5D7 1EA5D7 000000 000000 000000 000000 000000 E84656 E84656 E84656 000000 E84656 E84656 E84656
000000 38C682 000000 38C682 000000 38C682 000000 38C682 000000 000000 000000 000000 000000 000000 000000 000000 000000 000000 000000 000000 000000 000000 FB4C5D FB4C5D 000000 000000 000000 1EA5D7 000000 1EA5D7 000000 1EA5D7 000000 1EA5D7 000000 1EA5D7 000000 1EA5D7 000000 1EA5D7 000000 1EA5D7 000000 000000 000000 000000 000000 E84656 000000 000000 000000 E84656 000000
000000 38C682 000000 38C682 000000 38C682 38C682 38C682 000001 000000 000000 000000 000000 000000 000000 000000 000000 000000 000000 000000 000000 000000 000000 FB4C5D 000000 000000 000000 1EA5D7 000000 1EA5D7 000000 1EA5D7 000000 1EA5D7 000000 1EA5D7 1EA5D7 1EA5D7 000000 1EA5D7 000000 1EA5D7 000000 000000 000000 000000 000000 E84656 000000 000000 000000 E84656 000000
000000 38C682 000000 38C682 000000 38C682 000000 000001 030405 000000 000000 000000 000000 000000 000000 000000 000000 000000 000000 000000 000000 000000 000000 FB4C5D 000000 000000 000000 1EA5D7 000000 1EA5D7 000000 1EA5D7 000000 1EA5D7 000000 1EA5D7 1EA5D7 1EA5D7 000000 1EA5D7 000000 1EA5D7 000000 000000 000000 000000 000000 E84656 000000 000000 000000 E84656 000000
000000 38C682 38C682 38C682 000000 38C682 000000 000000 172026 000000 000000 000000 000000 000000 000000 000000 000000 000000 000000 000000 000000 000000 FB4C5D FB4C5D FB4C5D 000000 000000 1EA5D7 1EA5D7 000000 000000 1EA5D7 1EA5D7 1EA5D7 000000 1EA5D7 000000 1EA5D7 000000 1EA5D7 000000 1EA5D7 000000 000000 000000 000000 000000 E84656 000000 000000 E84656 E84656 E84656
000000 000000 000000 000001 000000 000000 000000 000000 172026 000000 000000 000000 000000 000000 000000 000000 000000 000000 000000 000000 000000 000000 000000 000000 000000 000000 000000 000000 000000 000000 000000 000000 000000 000000 000000 000000 000000 000000 000000 000000 000000 000000 000000 000000 000000 000000 000000 000000 000000 000000 000000 000000 000000
000000 000000 000000 172026 000000 000000 000000 000000 172026 000000 000000 000000 000000 000000 000000 000000 000000 000000 000000 000000 000000 000000 E89D21 E89D21 E89D21 000000 000000 1EA5D7 1EA5D7 000000 000000 1EA5D7 1EA5D7 1EA5D7 000000 1EA5D7 1EA5D7 1EA5D7 000000 000000 000000 000000 1EA1D2 1EA1D2 1EA1D2 000000 000000 1EA5D7 000000 1EA5D7 000000 1EA5D7 1EA5D7
000000 000000 000000 172026 000000 000000 000000 000000 172026 000000 000000 000000 000000 000000 000000 000000 000000 000000 000000 000000 000000 000000 000000 000000 E89D21 000000 000000 1EA5D7 000000 1EA5D7 000000 1EA5D7 000000 000000 000000 1EA5D7 000000 000000 000000 000000 000000 000000 1EA1D2 000000 1EA1D2 000000 000000 1EA5D7 1EA5D7 1EA5D7 000000 1EA5D7 000000
000000 000000 172026 172026 172026 000000 000000 172026 172026 172026 000000 000000 000000 000000 000000 000000 000000 000000 000000 000000 000000 000000 E89D21 E89D21 E89D21 000000 000000 1EA5D7 000000 1EA5D7 000000 1EA5D7 1EA5D7 1EA5D7 000000 1EA5D7 000000 1EA5D7 000000 000000 000000 000000 1EA1D2 000000 1EA1D2 000000 000000 1EA5D7 1EA5D7 1EA5D7 000000 1EA5D7 000000
000000 000000 000000 000000 000000 000000 000000 000000 000000 000000 000000 000000 000000 000000 000000 000000 000000 000000 000000 000000 000000 000000 E89D21 000000 000000 000000 000000 1EA5D7 000000 1EA5D7 000000 1EA5D7 000000 000000 000000 1EA5D7 000000 1EA5D7 000000 000000 000000 000000 1EA1D2 000000 1EA1D2 000000 000000 1EA5D7 000000 1EA5D7 000000 1EA5D7 000000
000000 000000 000000 000000 000000 000000 000000 000000 000000 000000 000000 000000 000000 000000 000000 000000 000000 000000 000000 000000 000000 000000 E89D21 E89D21 E89D21 000000 000000 1EA5D7 1EA5D7 000000 000000 1EA5D7 1EA5D7 1EA5D7 000000 1EA5D7 1EA5D7 1EA5D7 000000 000000 000000 000000 1EA1D2 1EA1D2 1EA1D2 000000 000000 1EA5D7 000000 1EA5D7 000000 1EA5D7 000000
frame t=10.000
000000 38C682 000000 38C682 000000 38C682 38C682 38C682 000000 000000 000000 000000 000000 000000 000000 000000 000000 000000 000000 000000 000000 000000 000000 FB4C5D 000000 000000 000000 1EA5D7 1EA5D7 000000 000000 1EA5D7 1EA5D7 1EA5D7 000000 1EA5D7 000000 1EA5D7 000000 1EA5D7 1EA5D7 000000 000000 000000 000000 000000 E84656 E84656 E84656 000000 E84656 E84656 E84656
000000 38C682 000000 38C682 000000 38C682 000000 38C682 000000 000000 000000 000000 000000 000000 000000 000000 000000 000000 000000 000000 000000 000000 FB4C5D FB4C5D 000000 000000 000000 1EA5D7 000000 1EA5D7 000000 1EA5D7 000000 1EA5D7 000000 1EA5D7 000000 1EA5D7 000000 1EA5D7 000000 1EA5D7 000000 000000 000000 000000 000000 E84656 000000 000000 000000 E84656 000000
000000 38C682 000000 38C682 000000 38C682 38C682 38C682 000001 000000 000000 000000 000000 000000 000000 000000 000000 000000 000000 000000 000000 000000 000000 FB4C5D 000000 000000 000000 1EA5D7 000000 1EA5D7 000000 1EA5D7 000000 1EA5D7 000000 1EA5D7 1EA5D7 1EA5D7 000000 1EA5D7 000000 1EA5D7 000000 000000 000000 000000 000000 E84656 000000 000000 000000 E84656 000000
000000 38C682 000000 38C682 000000 38C682 000000 000001 030405 000000 000000 000000 000000 000000 000000 000000 000000 000000 000000 000000 000000 000000 000000 FB4C5D 000000 000000 000000 1EA5D7 000000 1EA5D7 000000 1EA5D7 000000 1EA5D7 000000 1EA5D7 1EA5D7 1EA5D7 000000 1EA5D7 000000 1EA5D7 000000 000000 000000 000000 000000 E84656 000000 000000 000000 E84656 000000
000000 38C682 38C682 38C682 000000 38C682 000000 000000 172026 000000 000000 000000 000000 000000 000000 000000 000000 000000 000000 000000 000000 000000 FB4C5D FB4C5D FB4C5D 000000 000000 1EA5D7 1EA5D7 000000 000000 1EA5D7 1EA5D7 1EA5D7 000000 1EA5D7 000000 1EA5D7 000000 1EA5D7 000000 1EA5D7 000000 000000 000000 000000 000000 E84656 000000 000000 E84656 E84656 E84656
000000 000000 000000 000001 000000 000000 000000 000000 172026 000000 000000 000000 000000 000000 000000 000000 000000 000000 000000 000000 000000 000000 000000 000000 000000 000000 000000 000000 000000 000000 000000 000000 000000 000000 000000 000000 000000 000000 000000 000000 000000 000000 000000 000000 000000 000000 000000 000000 000000 000000 000000 000000 000000
000000 000000 000000 172026 000000 000000 000000 000000 172026 000000 000000 000000 000000 000000 000000 000000 000000 000000 000000 000000 000000 000000 E89D21 E89D21 E89D21 000000 000000 1EA5D7 1EA5D7 000000 000000 1EA5D7 1EA5D7 1EA5D7 000000 1EA5D7 1EA5D7 1EA5D7 000000 000000 000000 000000 1EA1D2 1EA1D2 1EA1D2 000000 000000 1EA5D7 000000 1EA5D7 000000 1EA5D7 1EA5D7
000000 000000 000000 172026 000000 000000 000000 000000 172026 000000 000000 000000 000000 000000 000000 000000 000000 000000 000000 000000 000000 000000 000000 000000 E89D21 000000 000000 1EA5D7 000000 1EA5D7 000000 1EA5D7 000000 000000 000000 1EA5D7 000000 000000 000000 000000 000000 000000 1EA1D2 000000 1EA1D2 000000 000000 1EA5D7 1EA5D7 1EA5D7 000000 1EA5D7 000000
000000 000000 172026 172026 172026 000000 000000 172026 172026 172026 000000 000000 000000 000000 000000 000000 000000 000000 000000 000000 000000 000000 E89D21 E89D21 E89D21 000000 000000 1EA5D7 000000 1EA5D7 000000 1EA5D7 1EA5D7 1EA5D7 000000 1EA5D7 000000 1EA5D7 000000 000000 000000 000000 1EA1D2 000000 1EA1D2 000000 000000 1EA5D7 1EA5D7 1EA5D7 000000 1EA5D7 000000
000000 000000 000000 000000 000000 000000 000000 000000 000000 000000 000000 000000 000000 000000 000000 000000 000000 000000 000000 000000 000000 000000 E89D21 000000 000000 000000 000000 1EA5D7 000000 1EA5D7 000000 1EA5D7 000000 000000 000000 1EA5D7 000000 1EA5D7 000000 000000 000000 000000 1EA1D2 000000 1EA1D2 000000 000000 1EA5D7 000000 1EA5D7 000000 1EA5D7 000000
000000 000000 000000 000000 000000 000000 000000 000000 000000 000000 000000 000000 000000 000000 000000 000000 000000 000000 000000 000000 000000 000000 E89D21 E89D21 E89D21 000000 000000 1EA5D7 1EA5D7 000000 000000 1EA5D7 1EA5D7 1EA5D7 000000 1EA5D7 1EA5D7 1EA5D7 000000 000000 000000 000000 1EA1D2 1EA1D2 1EA1D2 000000 000000 1EA5D7 000000 1EA5D7 000000 1EA5D7 000000
