# panel golden C0 — load distribution
# generated by status-panel/firmware/test/panelParityTest.c from fixtures/parity-fixture.json (PARITY_REGEN=1)
# 53x11, one line per row, 53 RRGGBB tokens per line, post-flush 0..255 per channel
frame t=0.000
000000 000000 000000 000000 000000 000000 000000 000000 000000 000000 000000 000000 000000 000000 000000 000000 000000 000000 000000 000000 000000 000000 000000 000000 000000 000000 000000 000000 000000 000000 000000 000000 000000 000000 000000 000000 080B0D 000000 000000 000000 000000 000000 000000 000000 000000 000000 000000 000000 000000 000000 000000 000000 000000
000000 000000 000000 000000 000000 000000 000000 000000 000000 000000 000000 000000 000000 000000 000000 000000 000000 000000 000000 000000 000000 000000 000000 000000 000000 000000 000000 000000 000000 000000 B87D1A 000000 000000 000000 000000 000000 040506 000000 000000 000000 000000 000000 000000 000000 000000 000000 000000 000000 000000 000000 000000 000000 000000
000000 000000 000000 000000 000000 000000 000000 000000 000000 000000 000000 000000 000000 000000 000000 000000 000000 000000 000000 000000 000000 000000 000000 000000 000000 000000 000000 000000 000000 000000 7B5312 000000 000000 000000 000000 000000 080B0D 000000 136584 136584 136584 136584 136584 136584 136584 136584 136584 136584 136584 136584 136584 136584 136584
000000 000000 000000 000000 000000 000000 000000 000000 000000 000000 000000 000000 000000 000000 000000 000000 000000 000000 000000 000000 000000 000000 000000 000000 000000 000000 000000 000000 000000 000000 7B5312 000000 000000 000000 000000 000000 040506 000000 051A22 051A22 051A22 051A22 051A22 051A22 051A22 051A22 051A22 051A22 051A22 051A22 051A22 051A22 051A22
000000 0F1418 0F1519 10161A 000000 11171B 000000 12181D 000000 000000 000000 000000 000000 000000 000000 000000 000000 000000 000000 000000 000000 192228 000000 000000 000000 1B252B 000000 B87D1A 000000 000000 7B5312 B87D1A FF5C71 000000 000000 000000 080B0D 000000 051A22 051A22 051A22 051A22 051A22 051A22 051A22 051A22 051A22 051A22 051A22 051A22 051A22 051A22 051A22
000000 0A0E10 0A0E10 0B0E11 000000 0B0F12 000000 0C1013 000000 000000 000000 000000 000000 000000 000000 000000 000000 000000 000000 000000 000000 11171B 000000 000000 000000 12191D 000000 7B5312 000000 000000 7B5312 7B5312 CC3E4B 000000 000000 000000 040506 000000 000000 000000 000000 000000 000000 000000 000000 000000 000000 000000 000000 000000 000000 000000 000000
000000 0A0E10 0A0E10 0B0E11 000000 0B0F12 000000 0C1013 000000 000000 000000 000000 000000 000000 000000 000000 000000 000000 000000 000000 000000 11171B 000000 000000 000000 12191D 000000 7B5312 000000 000000 7B5312 7B5312 CC3E4B 000000 000000 000000 080B0D 000000 0D465B 0D465B 0D465B 0D465B 0D465B 0D465B 0D465B 0D465B 0D465B 0D465B 0D465B 0D465B 0D465B 0D465B 0D465B
000000 0A0E10 0A0E10 0B0E11 000000 0B0F12 000000 0C1013 000000 000000 000000 000000 000000 000000 000000 000000 000000 000000 000000 000000 000000 11171B 000000 000000 000000 12191D 000000 7B5312 000000 000000 7B5312 7B5312 CC3E4B 000000 000000 000000 040506 000000 000000 000000 000000 000000 000000 000000 000000 000000 000000 000000 000000 000000 000000 000000 000000
090D0F 020304 020304 020304 020304 020304 020304 090D0F 020304 020304 020304 020304 020304 020304 090D0F 020304 020304 020304 020304 020304 020304 090D0F 020304 020304 020304 020304 020304 020304 090D0F 020304 020304 020304 020304 020304 020304 000000 080B0D 000000 000000 000000 000000 000000 000000 000000 000000 000000 000000 000000 000000 000000 000000 000000 000000
000000 000000 000000 000000 000000 000000 000000 000000 000000 000000 000000 000000 000000 000000 000000 000000 000000 000000 000000 000000 000000 000000 000000 000000 000000 000000 000000 000000 000000 000000 000000 000000 000000 000000 000000 000000 040506 000000 000000 000000 000000 000000 000000 000000 000000 000000 000000 000000 000000 000000 000000 000000 000000
000000 000000 000000 000000 000000 000000 000000 000000 000000 000000 000000 000000 000000 000000 000000 000000 000000 000000 000000 000000 000000 000000 000000 000000 000000 000000 000000 000000 000000 000000 000000 000000 000000 000000 000000 000000 080B0D 000000 000000 000000 000000 000000 000000 000000 000000 000000 000000 000000 000000 000000 000000 000000 000000
frame t=5.000
000000 000000 000000 000000 000000 000000 000000 000000 000000 000000 000000 000000 000000 000000 000000 000000 000000 000000 000000 000000 000000 000000 000000 000000 000000 000000 000000 000000 000000 000000 000000 000000 000000 000000 000000 000000 080B0D 000000 000000 000000 000000 000000 000000 000000 000000 000000 000000 000000 000000 000000 000000 000000 000000
000000 000000 000000 000000 000000 000000 000000 000000 000000 000000 000000 000000 000000 000000 000000 000000 000000 000000 000000 000000 000000 000000 000000 000000 000000 000000 000000 000000 000000 000000 B87D1A 000000 000000 000000 000000 000000 040506 000000 000000 000000 000000 000000 000000 000000 000000 000000 000000 000000 000000 000000 000000 000000 000000
000000 000000 000000 000000 000000 000000 000000 000000 000000 000000 000000 000000 000000 000000 000000 000000 000000 000000 000000 000000 000000 000000 000000 000000 000000 000000 000000 000000 000000 000000 7B5312 000000 000000 000000 000000 000000 080B0D 000000 136584 136584 136584 136584 136584 136584 136584 136584 136584 136584 136584 136584 136584 136584 136584
000000 000000 000000 000000 000000 000000 000000 000000 000000 000000 000000 000000 000000 000000 000000 000000 000000 000000 000000 000000 000000 000000 000000 000000 000000 000000 000000 000000 000000 000000 7B5312 000000 000000 000000 000000 000000 040506 000000 051A22 051A22 051A22 051A22 051A22 051A22 051A22 051A22 051A22 051A22 051A22 051A22 051A22 051A22 051A22
000000 0F1418 0F1519 10161A 000000 11171B 000000 12181D 000000 000000 000000 000000 000000 000000 000000 000000 000000 000000 000000 000000 000000 192228 000000 000000 000000 1B252B 000000 B87D1A 000000 000000 7B5312 B87D1A FF5C71 000000 000000 000000 080B0D 000000 051A22 051A22 051A22 051A22 051A22 051A22 051A22 051A22 051A22 051A22 051A22 051A22 051A22 051A22 051A22
000000 0A0E10 0A0E10 0B0E11 000000 0B0F12 000000 0C1013 000000 000000 000000 000000 000000 000000 000000 000000 000000 000000 000000 000000 000000 11171B 000000 000000 000000 12191D 000000 7B5312 000000 000000 7B5312 7B5312 CC3E4B 000000 000000 000000 040506 000000 000000 000000 000000 000000 000000 000000 000000 000000 000000 000000 000000 000000 000000 000000 000000
000000 0A0E10 0A0E10 0B0E11 000000 0B0F12 000000 0C1013 000000 000000 000000 000000 000000 000000 000000 000000 000000 000000 000000 000000 000000 11171B 000000 000000 000000 12191D 000000 7B5312 000000 000000 7B5312 7B5312 CC3E4B 000000 000000 000000 080B0D 000000 0D465B 0D465B 0D465B 0D465B 0D465B 0D465B 0D465B 0D465B 0D465B 0D465B 0D465B 0D465B 0D465B 0D465B 0D465B
000000 0A0E10 0A0E10 0B0E11 000000 0B0F12 000000 0C1013 000000 000000 000000 000000 000000 000000 000000 000000 000000 000000 000000 000000 000000 11171B 000000 000000 000000 12191D 000000 7B5312 000000 000000 7B5312 7B5312 CC3E4B 000000 000000 000000 040506 000000 000000 000000 000000 000000 000000 000000 000000 000000 000000 000000 000000 000000 000000 000000 000000
090D0F 020304 020304 020304 020304 020304 020304 090D0F 020304 020304 020304 020304 020304 020304 090D0F 020304 020304 020304 020304 020304 020304 090D0F 020304 020304 020304 020304 020304 020304 090D0F 020304 020304 020304 020304 020304 020304 000000 080B0D 000000 000000 000000 000000 000000 000000 000000 000000 000000 000000 000000 000000 000000 000000 000000 000000
000000 000000 000000 000000 000000 000000 000000 000000 000000 000000 000000 000000 000000 000000 000000 000000 000000 000000 000000 000000 000000 000000 000000 000000 000000 000000 000000 000000 000000 000000 000000 000000 000000 000000 000000 000000 040506 000000 000000 000000 000000 000000 000000 000000 000000 000000 000000 000000 000000 000000 000000 000000 000000
000000 000000 000000 000000 000000 000000 000000 000000 000000 000000 000000 000000 000000 000000 000000 000000 000000 000000 000000 000000 000000 000000 000000 000000 000000 000000 000000 000000 000000 000000 000000 000000 000000 000000 000000 000000 080B0D 000000 000000 000000 000000 000000 000000 000000 000000 000000 000000 000000 000000 000000 000000 000000 000000
frame t=10.000
000000 000000 000000 000000 000000 000000 000000 000000 000000 000000 000000 000000 000000 000000 000000 000000 000000 000000 000000 000000 000000 000000 000000 000000 000000 000000 000000 000000 000000 000000 000000 000000 000000 000000 000000 000000 080B0D 000000 000000 000000 000000 000000 000000 000000 000000 000000 000000 000000 000000 000000 000000 000000 000000
000000 000000 000000 000000 000000 000000 000000 000000 000000 000000 000000 000000 000000 000000 000000 000000 000000 000000 000000 000000 000000 000000 000000 000000 000000 000000 000000 000000 000000 000000 B87D1A 000000 000000 000000 000000 000000 040506 000000 000000 000000 000000 000000 000000 000000 000000 000000 000000 000000 000000 000000 000000 000000 000000
000000 000000 000000 000000 000000 000000 000000 000000 000000 000000 000000 000000 000000 000000 000000 000000 000000 000000 000000 000000 000000 000000 000000 000000 000000 000000 000000 000000 000000 000000 7B5312 000000 000000 000000 000000 000000 080B0D 000000 136584 136584 136584 136584 136584 136584 136584 136584 136584 136584 136584 136584 136584 136584 136584
000000 000000 000000 000000 000000 000000 000000 000000 000000 000000 000000 000000 000000 000000 000000 000000 000000 000000 000000 000000 000000 000000 000000 000000 000000 000000 000000 000000 000000 000000 7B5312 000000 000000 000000 000000 000000 040506 000000 051A22 051A22 051A22 051A22 051A22 051A22 051A22 051A22 051A22 051A22 051A22 051A22 051A22 051A22 051A22
000000 0F1418 0F1519 10161A 000000 11171B 000000 12181D 000000 000000 000000 000000 000000 000000 000000 000000 000000 000000 000000 000000 000000 192228 000000 000000 000000 1B252B 000000 B87D1A 000000 000000 7B5312 B87D1A FF5C71 000000 000000 000000 080B0D 000000 051A22 051A22 051A22 051A22 051A22 051A22 051A22 051A22 051A22 051A22 051A22 051A22 051A22 051A22 051A22
000000 0A0E10 0A0E10 0B0E11 000000 0B0F12 000000 0C1013 000000 000000 000000 000000 000000 000000 000000 000000 000000 000000 000000 000000 000000 11171B 000000 000000 000000 12191D 000000 7B5312 000000 000000 7B5312 7B5312 CC3E4B 000000 000000 000000 040506 000000 000000 000000 000000 000000 000000 000000 000000 000000 000000 000000 000000 000000 000000 000000 000000
000000 0A0E10 0A0E10 0B0E11 000000 0B0F12 000000 0C1013 000000 000000 000000 000000 000000 000000 000000 000000 000000 000000 000000 000000 000000 11171B 000000 000000 000000 12191D 000000 7B5312 000000 000000 7B5312 7B5312 CC3E4B 000000 000000 000000 080B0D 000000 0D465B 0D465B 0D465B 0D465B 0D465B 0D465B 0D465B 0D465B 0D465B 0D465B 0D465B 0D465B 0D465B 0D465B 0D465B
000000 0A0E10 0A0E10 0B0E11 000000 0B0F12 000000 0C1013 000000 000000 000000 000000 000000 000000 000000 000000 000000 000000 000000 000000 000000 11171B 000000 000000 000000 12191D 000000 7B5312 000000 000000 7B5312 7B5312 CC3E4B 000000 000000 000000 040506 000000 000000 000000 000000 000000 000000 000000 000000 000000 000000 000000 000000 000000 000000 000000 000000
090D0F 020304 020304 020304 020304 020304 020304 090D0F 020304 020304 020304 020304 020304 020304 090D0F 020304 020304 020304 020304 020304 020304 090D0F 020304 020304 020304 020304 020304 020304 090D0F 020304 020304 020304 020304 020304 020304 000000 080B0D 000000 000000 000000 000000 000000 000000 000000 000000 000000 000000 000000 000000 000000 000000 000000 000000
000000 000000 000000 000000 000000 000000 000000 000000 000000 000000 000000 000000 000000 000000 000000 000000 000000 000000 000000 000000 000000 000000 000000 000000 000000 000000 000000 000000 000000 000000 000000 000000 000000 000000 000000 000000 040506 000000 000000 000000 000000 000000 000000 000000 000000 000000 000000 000000 000000 000000 000000 000000 000000
000000 000000 000000 000000 000000 000000 000000 000000 000000 000000 000000 000000 000000 000000 000000 000000 000000 000000 000000 000000 000000 000000 000000 000000 000000 000000 000000 000000 000000 000000 000000 000000 000000 000000 000000 000000 080B0D 000000 000000 000000 000000 000000 000000 000000 000000 000000 000000 000000 000000 000000 000000 000000 000000
