# panel golden A2 — MQ and SNMP
# generated by status-panel/firmware/test/panelParityTest.c from fixtures/parity-fixture.json (PARITY_REGEN=1)
# 53x11, one line per row, 53 RRGGBB tokens per line, post-flush 0..255 per channel
frame t=0.000
000000 000000 000000 000000 000000 000000 000000 000000 000000 000000 000000 000000 000000 000000 000000 000000 000000 000000 000000 000000 000000 000000 000000 000000 000000 000000 000000 000000 000000 000000 000000 000000 000000 000000 000000 000000 000000 000000 000000 000000 000000 000000 000000 000000 000000 000000 000000 000000 000000 000000 000000 000000 000000
050608 050608 050608 000000 082029 125771 030405 030405 030405 030405 030405 030405 030405 030405 082029 125771 030405 030405 030405 030405 030405 030405 030405 030405 082029 125771 030405 030405 030405 030405 030405 030405 030405 030405 082029 125771 030405 030405 030405 030405 030405 030405 030405 030405 082029 125771 030405 030405 030405 030405 030405 030405 030405
000000 000000 000000 000000 000000 000000 000000 000000 000000 000000 000000 000000 000000 000000 000000 000000 000000 000000 000000 000000 000000 000000 000000 000000 000000 000000 000000 000000 000000 000000 000000 000000 000000 000000 000000 000000 000000 000000 000000 000000 000000 000000 000000 000000 000000 000000 000000 000000 000000 000000 000000 000000 000000
050608 050608 050608 000000 030405 030405 030405 030405 082029 125771 030405 030405 030405 030405 030405 030405 030405 030405 082029 125771 030405 030405 030405 030405 030405 030405 030405 030405 082029 125771 030405 030405 030405 030405 030405 030405 030405 030405 082029 125771 030405 030405 030405 030405 030405 030405 030405 030405 082029 125771 030405 030405 030405
000000 000000 000000 000000 000000 000000 000000 000000 000000 000000 000000 000000 000000 000000 000000 000000 000000 000000 000000 000000 000000 000000 000000 000000 000000 000000 000000 000000 000000 000000 000000 000000 000000 000000 000000 000000 000000 000000 000000 000000 000000 000000 000000 000000 000000 000000 000000 000000 000000 000000 000000 000000 000000
050709 020203 020203 020203 050709 020203 020203 020203 050709 020203 020203 020203 050709 020203 020203 020203 050709 020203 020203 020203 050709 020203 020203 020203 050709 020203 020203 020203 050709 020203 020203 020203 050709 020203 020203 020203 050709 020203 020203 020203 050709 020203 020203 020203 050709 020203 020203 020203 050709 020203 020203 020203 050709
050608 050608 050608 000000 030405 0C241A 1F6544 030405 030405 030405 030405 030405 0C241A 1F6544 030405 030405 030405 030405 030405 030405 030405 030405 0C241A 1F6544 030405 030405 030405 030405 030405 030405 030405 030405 0C241A 1F6544 030405 030405 030405 030405 030405 030405 030405 030405 0C241A 1F6544 030405 030405 030405 030405 030405 030405 030405 030405 030405
000000 000000 000000 000000 000000 000000 000000 000000 000000 000000 000000 000000 000000 000000 000000 000000 000000 000000 000000 000000 000000 000000 000000 000000 000000 000000 000000 000000 000000 000000 000000 000000 000000 000000 000000 000000 000000 000000 000000 000000 000000 000000 000000 000000 000000 000000 000000 000000 000000 000000 000000 000000 000000
050608 050608 050608 000000 030405 030405 030405 030405 030405 0C241A 1F6544 030405 030405 030405 030405 030405 0C241A 1F6544 030405 030405 030405 030405 030405 030405 030405 030405 0C241A 1F6544 030405 030405 030405 030405 030405 030405 030405 030405 0C241A 1F6544 030405 030405 030405 030405 030405 030405 030405 030405 0C241A 1F6544 030405 030405 030405 030405 030405
000000 000000 000000 000000 000000 000000 000000 000000 000000 000000 000000 000000 000000 000000 000000 000000 000000 000000 000000 000000 000000 000000 000000 000000 000000 000000 000000 000000 000000 000000 000000 000000 000000 000000 000000 000000 000000 000000 000000 000000 000000 000000 000000 000000 000000 000000 000000 000000 000000 000000 000000 000000 000000
031218 031218 000000 000000 000000 000000 000000 000000 000000 000000 000000 000000 000000 000000 000000 000000 000000 000000 000000 000000 000000 000000 000000 000000 000000 000000 000000 000000 000000 000000 000000 000000 000000 000000 000000 000000 000000 000000 000000 000000 000000 000000 000000 000000 000000 000000 000000 000000 000000 000000 000000 000000 000000
frame t=5.000
000000 000000 000000 000000 000000 000000 000000 000000 000000 000000 000000 000000 000000 000000 000000 000000 000000 000000 000000 000000 000000 000000 000000 000000 000000 000000 000000 000000 000000 000000 000000 000000 000000 000000 000000 000000 000000 000000 000000 000000 000000 000000 000000 000000 000000 000000 000000 000000 000000 000000 000000 000000 000000
050608 050608 050608 000000 030405 030405 030405 082029 125771 030405 030405 030405 030405 030405 030405 030405 030405 082029 125771 030405 030405 030405 030405 030405 030405 030405 030405 082029 125771 030405 030405 030405 030405 030405 082029 125771 030405 030405 030405 030405 030405 030405 030405 030405 082029 125771 030405 030405 030405 030405 030405 030405 030405
000000 000000 000000 000000 000000 000000 000000 000000 000000 000000 000000 000000 000000 000000 000000 000000 000000 000000 000000 000000 000000 000000 000000 000000 000000 000000 000000 000000 000000 000000 000000 000000 000000 000000 000000 000000 000000 000000 000000 000000 000000 000000 000000 000000 000000 000000 000000 000000 000000 000000 000000 000000 000000
050608 050608 050608 000000 030405 030405 030405 030405 030405 030405 030405 082029 125771 030405 030405 030405 030405 030405 030405 030405 030405 082029 125771 030405 030405 030405 030405 030405 030405 030405 030405 082029 125771 030405 030405 030405 030405 030405 030405 030405 030405 082029 125771 030405 030405 030405 030405 030405 030405 030405 030405 082029 125771
000000 000000 000000 000000 000000 000000 000000 000000 000000 000000 000000 000000 000000 000000 000000 000000 000000 000000 000000 000000 000000 000000 000000 000000 000000 000000 000000 000000 000000 000000 000000 000000 000000 000000 000000 000000 000000 000000 000000 000000 000000 000000 000000 000000 000000 000000 000000 000000 000000 000000 000000 000000 000000
050709 020203 020203 020203 050709 020203 020203 020203 050709 020203 020203 020203 050709 020203 020203 020203 050709 020203 020203 020203 050709 020203 020203 020203 050709 020203 020203 020203 050709 020203 020203 020203 050709 020203 020203 020203 050709 020203 020203 020203 050709 020203 020203 020203 050709 020203 020203 020203 050709 020203 020203 020203 050709
050608 050608 050608 000000 030405 030405 030405 030405 030405 030405 0C241A 1F6544 030405 030405 030405 030405 030405 0C241A 1F6544 030405 030405 030405 030405 030405 030405 030405 030405 0C241A 1F6544 030405 030405 030405 030405 030405 030405 030405 030405 0C241A 1F6544 030405 030405 030405 030405 030405 030405 030405 030405 0C241A 1F6544 030405 030405 030405 030405
000000 000000 000000 000000 000000 000000 000000 000000 000000 000000 000000 000000 000000 000000 000000 000000 000000 000000 000000 000000 000000 000000 000000 000000 000000 000000 000000 000000 000000 000000 000000 000000 000000 000000 000000 000000 000000 000000 000000 000000 000000 000000 000000 000000 000000 000000 000000 000000 000000 000000 000000 000000 000000
050608 050608 050608 000000 030405 030405 030405 030405 030405 030405 030405 030405 0C241A 1F6544 030405 030405 030405 030405 030405 030405 030405 030405 0C241A 1F6544 030405 030405 030405 030405 030405 030405 030405 030405 0C241A 1F6544 030405 030405 030405 030405 030405 030405 030405 030405 0C241A 1F6544 030405 030405 030405 030405 030405 0C241A 1F6544 030405 030405
000000 000000 000000 000000 000000 000000 000000 000000 000000 000000 000000 000000 000000 000000 000000 000000 000000 000000 000000 000000 000000 000000 000000 000000 000000 000000 000000 000000 000000 000000 000000 000000 000000 000000 000000 000000 000000 000000 000000 000000 000000 000000 000000 000000 000000 000000 000000 000000 000000 000000 000000 000000 000000
031218 031218 000000 000000 000000 000000 000000 000000 000000 000000 000000 000000 000000 000000 000000 000000 000000 000000 000000 000000 000000 000000 000000 000000 000000 000000 000000 000000 000000 000000 000000 000000 000000 000000 000000 000000 000000 000000 000000 000000 000000 000000 000000 000000 000000 000000 000000 000000 000000 000000 000000 000000 000000
frame t=10.000
000000 000000 000000 000000 000000 000000 000000 000000 000000 000000 000000 000000 000000 000000 000000 000000 000000 000000 000000 000000 000000 000000 000000 000000 000000 000000 000000 000000 000000 000000 000000 000000 000000 000000 000000 000000 000000 000000 000000 000000 000000 000000 000000 000000 000000 000000 000000 000000 000000 000000 000000 000000 000000
050608 050608 050608 000000 030405 030405 030405 030405 030405 030405 082029 125771 030405 030405 030405 030405 030405 082029 125771 030405 030405 030405 030405 030405 030405 030405 030405 082029 125771 030405 030405 030405 030405 030405 030405 030405 030405 082029 125771 030405 030405 030405 030405 030405 030405 030405 030405 082029 125771 030405 030405 030405 030405
000000 000000 000000 000000 000000 000000 000000 000000 000000 000000 000000 000000 000000 000000 000000 000000 000000 000000 000000 000000 000000 000000 000000 000000 000000 000000 000000 000000 000000 000000 000000 000000 000000 000000 000000 000000 000000 000000 000000 000000 000000 000000 000000 000000 000000 000000 000000 000000 000000 000000 000000 000000 000000
050608 050608 050608 000000 030405 030405 082029 125771 030405 030405 030405 030405 030405 082029 125771 030405 030405 030405 030405 030405 030405 030405 030405 082029 125771 030405 030405 030405 030405 030405 030405 030405 030405 082029 125771 030405 030405 030405 030405 030405 030405 030405 030405 082029 125771 030405 030405 030405 030405 030405 030405 030405 030405
000000 000000 000000 000000 000000 000000 000000 000000 000000 000000 000000 000000 000000 000000 000000 000000 000000 000000 000000 000000 000000 000000 000000 000000 000000 000000 000000 000000 000000 000000 000000 000000 000000 000000 000000 000000 000000 000000 000000 000000 000000 000000 000000 000000 000000 000000 000000 000000 000000 000000 000000 000000 000000
050709 020203 020203 020203 050709 020203 020203 020203 050709 020203 020203 020203 050709 020203 020203 020203 050709 020203 020203 020203 050709 020203 020203 020203 050709 020203 020203 020203 050709 020203 020203 020203 050709 020203 020203 020203 050709 020203 020203 020203 050709 020203 020203 020203 050709 020203 020203 020203 050709 020203 020203 020203 050709
050608 050608 050608 000000 030405 0C241A 1F6544 030405 030405 030405 030405 030405 030405 030405 030405 0C241A 1F6544 030405 030405 030405 030405 030405 0C241A 1F6544 030405 030405 030405 030405 030405 030405 030405 030405 0C241A 1F6544 030405 030405 030405 030405 030405 030405 030405 030405 0C241A 1F6544 030405 030405 030405 030405 030405 030405 030405 030405 030405
000000 000000 000000 000000 000000 000000 000000 000000 000000 000000 000000 000000 000000 000000 000000 000000 000000 000000 000000 000000 000000 000000 000000 000000 000000 000000 000000 000000 000000 000000 000000 000000 000000 000000 000000 000000 000000 000000 000000 000000 000000 000000 000000 000000 000000 000000 000000 000000 000000 000000 000000 000000 000000
050608 050608 050608 000000 030405 030405 030405 030405 0C241A 1F6544 030405 030405 030405 030405 030405 030405 030405 030405 0C241A 1F6544 030405 030405 030405 030405 030405 030405 030405 030405 0C241A 1F6544 030405 030405 030405 030405 030405 0C241A 1F6544 030405 030405 030405 030405 030405 030405 030405 030405 0C241A 1F6544 030405 030405 030405 030405 030405 030405
000000 000000 000000 000000 000000 000000 000000 000000 000000 000000 000000 000000 000000 000000 000000 000000 000000 000000 000000 000000 000000 000000 000000 000000 000000 000000 000000 000000 000000 000000 000000 000000 000000 000000 000000 000000 000000 000000 000000 000000 000000 000000 000000 000000 000000 000000 000000 000000 000000 000000 000000 000000 000000
031218 031218 000000 000000 000000 000000 000000 000000 000000 000000 000000 000000 000000 000000 000000 000000 000000 000000 000000 000000 000000 000000 000000 000000 000000 000000 000000 000000 000000 000000 000000 000000 000000 000000 000000 000000 000000 000000 000000 000000 000000 000000 000000 000000 000000 000000 000000 000000 000000 000000 000000 000000 000000
