# panel golden help — Vol+ help overlay, all twelve screens
# generated by status-panel/firmware/test/panelParityTest.c from fixtures/parity-fixture.json (PARITY_REGEN=1)
# 53x11, one line per row, 53 RRGGBB tokens per line, post-flush 0..255 per channel
frame t=0.000
000000 000000 000000 000000 000000 000000 000000 000000 000000 000000 000000 000000 000000 000000 000000 000000 000000 000000 000000 000000 000000 000000 000000 000000 000000 000000 000000 000000 000000 000000 000000 000000 000000 000000 000000 000000 000000 000000 000000 000000 000000 000000 000000 000000 000000 000000 000000 000000 000000 000000 000000 000000 000000
000000 D3DCE5 D3DCE5 D3DCE5 000000 D3DCE5 D3DCE5 D3DCE5 000000 D3DCE5 D3DCE5 D3DCE5 000000 D3DCE5 D3DCE5 D3DCE5 000000 D3DCE5 D3DCE5 D3DCE5 000000 000000 000000 000000 000000 D3DCE5 000000 000000 000000 D3DCE5 D3DCE5 D3DCE5 000000 D3DCE5 D3DCE5 D3DCE5 000000 D3DCE5 D3DCE5 D3DCE5 000000 D3DCE5 D3DCE5 D3DCE5 000000 D3DCE5 D3DCE5 D3DCE5 000000 D3DCE5 D3DCE5 D3DCE5 000000
000000 D3DCE5 000000 000000 000000 000000 D3DCE5 000000 000000 D3DCE5 000000 D3DCE5 000000 000000 D3DCE5 000000 000000 D3DCE5 000000 000000 000000 000000 000000 000000 000000 D3DCE5 000000 000000 000000 D3DCE5 000000 D3DCE5 000000 000000 D3DCE5 000000 000000 000000 D3DCE5 000000 000000 000000 D3DCE5 000000 000000 D3DCE5 000000 000000 000000 D3DCE5 000000 000000 000000
000000 D3DCE5 D3DCE5 D3DCE5 000000 000000 D3DCE5 000000 000000 D3DCE5 D3DCE5 D3DCE5 000000 000000 D3DCE5 000000 000000 D3DCE5 D3DCE5 D3DCE5 000000 000000 000000 000000 000000 D3DCE5 000000 000000 000000 D3DCE5 D3DCE5 D3DCE5 000000 000000 D3DCE5 000000 000000 000000 D3DCE5 000000 000000 000000 D3DCE5 000000 000000 D3DCE5 000000 000000 000000 D3DCE5 D3DCE5 D3DCE5 000000
000000 000000 000000 D3DCE5 000000 000000 D3DCE5 000000 000000 D3DCE5 000000 D3DCE5 000000 000000 D3DCE5 000000 000000 D3DCE5 000000 000000 000000 000000 000000 000000 000000 D3DCE5 000000 000000 000000 D3DCE5 000000 D3DCE5 000000 000000 D3DCE5 000000 000000 000000 D3DCE5 000000 000000 000000 D3DCE5 000000 000000 D3DCE5 000000 000000 000000 D3DCE5 000000 000000 000000
000000 D3DCE5 D3DCE5 D3DCE5 000000 000000 D3DCE5 000000 000000 D3DCE5 000000 D3DCE5 000000 000000 D3DCE5 000000 000000 D3DCE5 D3DCE5 D3DCE5 000000 000000 000000 000000 000000 D3DCE5 D3DCE5 D3DCE5 000000 D3DCE5 000000 D3DCE5 000000 000000 D3DCE5 000000 000000 000000 D3DCE5 000000 000000 D3DCE5 D3DCE5 D3DCE5 000000 D3DCE5 D3DCE5 D3DCE5 000000 D3DCE5 D3DCE5 D3DCE5 000000
000000 000000 000000 000000 000000 000000 000000 000000 000000 000000 000000 000000 000000 000000 000000 000000 000000 000000 000000 000000 20AEE3 20AEE3 20AEE3 000000 20AEE3 20AEE3 20AEE3 000000 20AEE3 000000 000000 000000 20AEE3 000000 000000 000000 000000 000000 000000 000000 20AEE3 000000 000000 000000 20AEE3 20AEE3 20AEE3 000000 20AEE3 20AEE3 20AEE3 000000 20AEE3
000000 000000 000000 000000 000000 000000 000000 000000 000000 000000 000000 000000 000000 000000 000000 000000 000000 000000 000000 000000 20AEE3 000000 000000 000000 20AEE3 000000 000000 000000 20AEE3 000000 000000 000000 20AEE3 000000 000000 000000 000000 000000 000000 000000 20AEE3 000000 000000 000000 20AEE3 000000 20AEE3 000000 20AEE3 000000 20AEE3 000000 20AEE3
000000 000000 000000 000000 000000 000000 000000 000000 000000 000000 000000 000000 000000 000000 000000 000000 000000 000000 000000 000000 20AEE3 000000 000000 000000 20AEE3 20AEE3 20AEE3 000000 20AEE3 000000 000000 000000 20AEE3 000000 000000 000000 000000 000000 000000 000000 20AEE3 000000 000000 000000 20AEE3 000000 20AEE3 000000 20AEE3 20AEE3 20AEE3 000000 20AEE3
000000 000000 000000 000000 000000 000000 000000 000000 000000 000000 000000 000000 000000 000000 000000 000000 000000 000000 000000 000000 20AEE3 000000 000000 000000 20AEE3 000000 000000 000000 20AEE3 000000 000000 000000 20AEE3 000000 000000 000000 000000 000000 000000 000000 20AEE3 000000 000000 000000 20AEE3 000000 20AEE3 000000 20AEE3 000000 20AEE3 000000 20AEE3
000000 000000 000000 000000 000000 000000 000000 000000 000000 000000 000000 000000 000000 000000 000000 000000 000000 000000 000000 000000 20AEE3 20AEE3 20AEE3 000000 20AEE3 20AEE3 20AEE3 000000 20AEE3 20AEE3 20AEE3 000000 20AEE3 20AEE3 20AEE3 000000 000000 000000 000000 000000 20AEE3 20AEE3 20AEE3 000000 20AEE3 20AEE3 20AEE3 000000 20AEE3 000000 20AEE3 000000 20AEE3
frame t=0.040
000000 000000 000000 000000 000000 000000 000000 000000 000000 000000 000000 000000 000000 000000 000000 000000 000000 000000 000000 000000 000000 000000 000000 000000 000000 000000 000000 000000 000000 000000 000000 000000 000000 000000 000000 000000 000000 000000 000000 000000 000000 000000 000000 000000 000000 000000 000000 000000 000000 000000 000000 000000 000000
000000 000000 000000 000000 000000 000000 000000 000000 000000 000000 000000 000000 000000 000000 000000 000000 000000 000000 000000 000000 D3DCE5 D3DCE5 000000 000000 D3DCE5 D3DCE5 D3DCE5 000000 D3DCE5 D3DCE5 D3DCE5 000000 000000 000000 000000 000000 D3DCE5 D3DCE5 D3DCE5 000000 D3DCE5 000000 000000 000000 D3DCE5 D3DCE5 D3DCE5 000000 D3DCE5 000000 D3DCE5 000000 000000
000000 000000 000000 000000 000000 000000 000000 000000 000000 000000 000000 000000 000000 000000 000000 000000 000000 000000 000000 000000 D3DCE5 000000 D3DCE5 000000 D3DCE5 000000 000000 000000 000000 D3DCE5 000000 000000 000000 000000 000000 000000 D3DCE5 000000 000000 000000 D3DCE5 000000 000000 000000 D3DCE5 000000 D3DCE5 000000 D3DCE5 000000 D3DCE5 000000 000000
000000 000000 000000 000000 000000 000000 000000 000000 000000 000000 000000 000000 000000 000000 000000 000000 000000 000000 000000 000000 D3DCE5 000000 D3DCE5 000000 D3DCE5 D3DCE5 D3DCE5 000000 000000 D3DCE5 000000 000000 000000 000000 000000 000000 D3DCE5 D3DCE5 D3DCE5 000000 D3DCE5 000000 000000 000000 D3DCE5 000000 D3DCE5 000000 D3DCE5 D3DCE5 D3DCE5 000000 000000
000000 000000 000000 000000 000000 000000 000000 000000 000000 000000 000000 000000 000000 000000 000000 000000 000000 000000 000000 000000 D3DCE5 000000 D3DCE5 000000 D3DCE5 000000 000000 000000 000000 D3DCE5 000000 000000 000000 000000 000000 000000 D3DCE5 000000 000000 000000 D3DCE5 000000 000000 000000 D3DCE5 000000 D3DCE5 000000 D3DCE5 D3DCE5 D3DCE5 000000 000000
000000 000000 000000 000000 000000 000000 000000 000000 000000 000000 000000 000000 000000 000000 000000 000000 000000 000000 000000 000000 D3DCE5 000000 D3DCE5 000000 D3DCE5 D3DCE5 D3DCE5 000000 000000 D3DCE5 000000 000000 000000 000000 000000 000000 D3DCE5 000000 000000 000000 D3DCE5 D3DCE5 D3DCE5 000000 D3DCE5 D3DCE5 D3DCE5 000000 D3DCE5 000000 D3DCE5 000000 000000
000000 000000 000000 000000 000000 000000 000000 000000 000000 000000 000000 000000 000000 000000 000000 000000 000000 000000 000000 000000 20AEE3 20AEE3 20AEE3 000000 20AEE3 000000 20AEE3 000000 000000 000000 000000 000000 20AEE3 20AEE3 20AEE3 000000 20AEE3 20AEE3 20AEE3 000000 20AEE3 20AEE3 20AEE3 000000 000000 000000 000000 000000 20AEE3 20AEE3 20AEE3 000000 20AEE3
000000 000000 000000 000000 000000 000000 000000 000000 000000 000000 000000 000000 000000 000000 000000 000000 000000 000000 000000 000000 20AEE3 000000 000000 000000 20AEE3 000000 20AEE3 000000 000000 000000 000000 000000 20AEE3 000000 20AEE3 000000 000000 20AEE3 000000 000000 20AEE3 000000 20AEE3 000000 000000 000000 000000 000000 20AEE3 000000 20AEE3 000000 20AEE3
000000 000000 000000 000000 000000 000000 000000 000000 000000 000000 000000 000000 000000 000000 000000 000000 000000 000000 000000 000000 20AEE3 20AEE3 20AEE3 000000 20AEE3 20AEE3 20AEE3 000000 20AEE3 20AEE3 20AEE3 000000 20AEE3 20AEE3 20AEE3 000000 000000 20AEE3 000000 000000 20AEE3 20AEE3 20AEE3 000000 000000 000000 000000 000000 20AEE3 20AEE3 20AEE3 000000 20AEE3
000000 000000 000000 000000 000000 000000 000000 000000 000000 000000 000000 000000 000000 000000 000000 000000 000000 000000 000000 000000 000000 000000 20AEE3 000000 20AEE3 20AEE3 20AEE3 000000 000000 000000 000000 000000 20AEE3 20AEE3 000000 000000 000000 20AEE3 000000 000000 20AEE3 20AEE3 000000 000000 000000 000000 000000 000000 20AEE3 20AEE3 000000 000000 20AEE3
000000 000000 000000 000000 000000 000000 000000 000000 000000 000000 000000 000000 000000 000000 000000 000000 000000 000000 000000 000000 20AEE3 20AEE3 20AEE3 000000 20AEE3 000000 20AEE3 000000 000000 000000 000000 000000 20AEE3 000000 20AEE3 000000 000000 20AEE3 000000 000000 20AEE3 000000 20AEE3 000000 000000 000000 000000 000000 20AEE3 000000 20AEE3 000000 20AEE3
frame t=0.080
000000 000000 000000 000000 000000 000000 000000 000000 000000 000000 000000 000000 000000 000000 000000 000000 000000 000000 000000 000000 000000 000000 000000 000000 000000 000000 000000 000000 000000 000000 000000 000000 000000 000000 000000 000000 000000 000000 000000 000000 000000 000000 000000 000000 000000 000000 000000 000000 000000 000000 000000 000000 000000
000000 000000 000000 000000 000000 000000 000000 000000 000000 000000 000000 000000 000000 000000 000000 000000 000000 000000 000000 000000 D3DCE5 000000 000000 000000 D3DCE5 D3DCE5 D3DCE5 000000 D3DCE5 D3DCE5 000000 000000 D3DCE5 D3DCE5 D3DCE5 000000 D3DCE5 D3DCE5 D3DCE5 000000 000000 000000 000000 000000 D3DCE5 000000 000000 000000 D3DCE5 D3DCE5 D3DCE5 000000 D3DCE5
000000 000000 000000 000000 000000 000000 000000 000000 000000 000000 000000 000000 000000 000000 000000 000000 000000 000000 000000 000000 D3DCE5 000000 000000 000000 D3DCE5 000000 D3DCE5 000000 D3DCE5 000000 D3DCE5 000000 D3DCE5 000000 000000 000000 D3DCE5 000000 000000 000000 000000 000000 000000 000000 D3DCE5 000000 000000 000000 D3DCE5 000000 D3DCE5 000000 D3DCE5
000000 000000 000000 000000 000000 000000 000000 000000 000000 000000 000000 000000 000000 000000 000000 000000 000000 000000 000000 000000 D3DCE5 000000 000000 000000 D3DCE5 D3DCE5 D3DCE5 000000 D3DCE5 000000 D3DCE5 000000 D3DCE5 D3DCE5 D3DCE5 000000 D3DCE5 D3DCE5 D3DCE5 000000 000000 000000 000000 000000 D3DCE5 000000 000000 000000 D3DCE5 000000 D3DCE5 000000 D3DCE5
000000 000000 000000 000000 000000 000000 000000 000000 000000 000000 000000 000000 000000 000000 000000 000000 000000 000000 000000 000000 D3DCE5 000000 000000 000000 D3DCE5 000000 D3DCE5 000000 D3DCE5 000000 D3DCE5 000000 D3DCE5 000000 000000 000000 000000 000000 D3DCE5 000000 000000 000000 000000 000000 D3DCE5 000000 000000 000000 D3DCE5 000000 D3DCE5 000000 000000
000000 000000 000000 000000 000000 000000 000000 000000 000000 000000 000000 000000 000000 000000 000000 000000 000000 000000 000000 000000 D3DCE5 D3DCE5 D3DCE5 000000 D3DCE5 000000 D3DCE5 000000 D3DCE5 000000 D3DCE5 000000 D3DCE5 D3DCE5 D3DCE5 000000 D3DCE5 D3DCE5 D3DCE5 000000 000000 000000 000000 000000 D3DCE5 D3DCE5 D3DCE5 000000 D3DCE5 D3DCE5 D3DCE5 000000 D3DCE5
000000 000000 000000 000000 000000 000000 000000 000000 000000 000000 000000 000000 000000 000000 000000 000000 000000 000000 000000 000000 20AEE3 000000 20AEE3 000000 20AEE3 20AEE3 000000 000000 20AEE3 000000 20AEE3 000000 20AEE3 20AEE3 000000 000000 20AEE3 20AEE3 20AEE3 000000 20AEE3 000000 20AEE3 000000 20AEE3 20AEE3 000000 000000 000000 000000 000000 000000 20AEE3
000000 000000 000000 000000 000000 000000 000000 000000 000000 000000 000000 000000 000000 000000 000000 000000 000000 000000 000000 000000 20AEE3 000000 20AEE3 000000 20AEE3 000000 20AEE3 000000 20AEE3 000000 20AEE3 000000 20AEE3 000000 20AEE3 000000 20AEE3 000000 20AEE3 000000 20AEE3 000000 20AEE3 000000 20AEE3 000000 20AEE3 000000 000000 000000 000000 000000 20AEE3
000000 000000 000000 000000 000000 000000 000000 000000 000000 000000 000000 000000 000000 000000 000000 000000 000000 000000 000000 000000 20AEE3 000000 20AEE3 000000 20AEE3 000000 20AEE3 000000 20AEE3 20AEE3 000000 000000 20AEE3 000000 20AEE3 000000 20AEE3 000000 20AEE3 000000 20AEE3 20AEE3 20AEE3 000000 20AEE3 000000 20AEE3 000000 000000 000000 000000 000000 20AEE3
000000 000000 000000 000000 000000 000000 000000 000000 000000 000000 000000 000000 000000 000000 000000 000000 000000 000000 000000 000000 20AEE3 000000 20AEE3 000000 20AEE3 000000 20AEE3 000000 20AEE3 000000 20AEE3 000000 20AEE3 000000 20AEE3 000000 20AEE3 000000 20AEE3 000000 20AEE3 20AEE3 20AEE3 000000 20AEE3 000000 20AEE3 000000 000000 000000 000000 000000 20AEE3
000000 000000 000000 000000 000000 000000 000000 000000 000000 000000 000000 000000 000000 000000 000000 000000 000000 000000 000000 000000 20AEE3 20AEE3 20AEE3 000000 20AEE3 000000 20AEE3 000000 20AEE3 000000 20AEE3 000000 20AEE3 000000 20AEE3 000000 20AEE3 20AEE3 20AEE3 000000 20AEE3 000000 20AEE3 000000 20AEE3 000000 20AEE3 000000 000000 000000 000000 000000 20AEE3
frame t=0.120
000000 000000 000000 000000 000000 000000 000000 000000 000000 000000 000000 000000 000000 000000 000000 000000 000000 000000 000000 000000 000000 000000 000000 000000 000000 000000 000000 000000 000000 000000 000000 000000 000000 000000 000000 000000 000000 000000 000000 000000 000000 000000 000000 000000 000000 000000 000000 000000 000000 000000 000000 000000 000000
000000 000000 000000 000000 000000 000000 000000 000000 000000 000000 000000 000000 000000 000000 000000 000000 000000 000000 000000 000000 D3DCE5 000000 D3DCE5 000000 D3DCE5 D3DCE5 D3DCE5 000000 000000 000000 000000 000000 D3DCE5 D3DCE5 000000 000000 D3DCE5 D3DCE5 D3DCE5 000000 D3DCE5 000000 D3DCE5 000000 D3DCE5 D3DCE5 000000 000000 000000 000000 000000 000000 D3DCE5
000000 000000 000000 000000 000000 000000 000000 000000 000000 000000 000000 000000 000000 000000 000000 000000 000000 000000 000000 000000 D3DCE5 000000 D3DCE5 000000 D3DCE5 000000 D3DCE5 000000 000000 000000 000000 000000 D3DCE5 000000 D3DCE5 000000 D3DCE5 000000 D3DCE5 000000 D3DCE5 000000 D3DCE5 000000 D3DCE5 000000 D3DCE5 000000 000000 000000 000000 000000 D3DCE5
000000 000000 000000 000000 000000 000000 000000 000000 000000 000000 000000 000000 000000 000000 000000 000000 000000 000000 000000 000000 D3DCE5 000000 D3DCE5 000000 D3DCE5 D3DCE5 D3DCE5 000000 000000 000000 000000 000000 D3DCE5 000000 D3DCE5 000000 D3DCE5 000000 D3DCE5 000000 D3DCE5 D3DCE5 D3DCE5 000000 D3DCE5 000000 D3DCE5 000000 000000 000000 000000 000000 D3DCE5
000000 000000 000000 000000 000000 000000 000000 000000 000000 000000 000000 000000 000000 000000 000000 000000 000000 000000 000000 000000 D3DCE5 000000 D3DCE5 000000 D3DCE5 000000 000000 000000 000000 000000 000000 000000 D3DCE5 000000 D3DCE5 000000 D3DCE5 000000 D3DCE5 000000 D3DCE5 D3DCE5 D3DCE5 000000 D3DCE5 000000 D3DCE5 000000 000000 000000 000000 000000 D3DCE5
000000 000000 000000 000000 000000 000000 000000 000000 000000 000000 000000 000000 000000 000000 000000 000000 000000 000000 000000 000000 D3DCE5 D3DCE5 D3DCE5 000000 D3DCE5 000000 000000 000000 000000 000000 000000 000000 D3DCE5 D3DCE5 000000 000000 D3DCE5 D3DCE5 D3DCE5 000000 D3DCE5 000000 D3DCE5 000000 D3DCE5 000000 D3DCE5 000000 000000 000000 000000 000000 D3DCE5
000000 000000 000000 20AEE3 20AEE3 000000 000000 20AEE3 20AEE3 20AEE3 000000 20AEE3 20AEE3 20AEE3 000000 000000 000000 000000 000000 20AEE3 000000 20AEE3 000000 20AEE3 20AEE3 000000 000000 20AEE3 20AEE3 20AEE3 000000 000000 000000 000000 000000 20AEE3 20AEE3 20AEE3 000000 20AEE3 20AEE3 20AEE3 000000 20AEE3 20AEE3 20AEE3 000000 20AEE3 20AEE3 20AEE3 000000 000000 000000
000000 000000 000000 20AEE3 000000 20AEE3 000000 20AEE3 000000 000000 000000 20AEE3 000000 000000 000000 000000 000000 000000 000000 20AEE3 20AEE3 20AEE3 000000 20AEE3 000000 20AEE3 000000 000000 20AEE3 000000 000000 000000 000000 000000 000000 000000 20AEE3 000000 000000 000000 20AEE3 000000 000000 20AEE3 000000 000000 000000 20AEE3 000000 20AEE3 000000 000000 000000
000000 000000 000000 20AEE3 000000 20AEE3 000000 20AEE3 20AEE3 20AEE3 000000 20AEE3 000000 20AEE3 000000 000000 000000 000000 000000 20AEE3 20AEE3 20AEE3 000000 20AEE3 000000 20AEE3 000000 000000 20AEE3 000000 000000 000000 000000 000000 000000 000000 20AEE3 000000 000000 000000 20AEE3 000000 000000 20AEE3 20AEE3 20AEE3 000000 20AEE3 20AEE3 20AEE3 000000 000000 000000
000000 000000 000000 20AEE3 000000 20AEE3 000000 20AEE3 000000 000000 000000 20AEE3 000000 20AEE3 000000 000000 000000 000000 000000 20AEE3 000000 20AEE3 000000 20AEE3 000000 20AEE3 000000 000000 20AEE3 000000 000000 000000 000000 000000 000000 000000 20AEE3 000000 000000 000000 20AEE3 000000 000000 20AEE3 000000 000000 000000 20AEE3 20AEE3 000000 000000 000000 000000
000000 000000 000000 20AEE3 20AEE3 000000 000000 20AEE3 20AEE3 20AEE3 000000 20AEE3 20AEE3 20AEE3 000000 000000 000000 000000 000000 20AEE3 000000 20AEE3 000000 20AEE3 000000 20AEE3 000000 000000 20AEE3 000000 000000 000000 000000 000000 000000 000000 20AEE3 000000 000000 20AEE3 20AEE3 20AEE3 000000 20AEE3 20AEE3 20AEE3 000000 20AEE3 000000 20AEE3 000000 000000 000000
frame t=0.160
000000 000000 000000 000000 000000 000000 000000 000000 000000 000000 000000 000000 000000 000000 000000 000000 000000 000000 000000 000000 000000 000000 000000 000000 000000 000000 000000 000000 000000 000000 000000 000000 000000 000000 000000 000000 000000 000000 000000 000000 000000 000000 000000 000000 000000 000000 000000 000000 000000 000000 000000 000000 000000
000000 000000 000000 000000 000000 000000 000000 000000 000000 000000 000000 000000 000000 000000 000000 000000 000000 000000 000000 000000 D3DCE5 000000 000000 000000 D3DCE5 D3DCE5 D3DCE5 000000 D3DCE5 D3DCE5 000000 000000 D3DCE5 000000 D3DCE5 000000 000000 000000 000000 000000 D3DCE5 000000 D3DCE5 000000 D3DCE5 D3DCE5 D3DCE5 000000 D3DCE5 D3DCE5 D3DCE5 000000 D3DCE5
000000 000000 000000 000000 000000 000000 000000 000000 000000 000000 000000 000000 000000 000000 000000 000000 000000 000000 000000 000000 D3DCE5 000000 000000 000000 000000 D3DCE5 000000 000000 D3DCE5 000000 D3DCE5 000000 D3DCE5 000000 D3DCE5 000000 000000 000000 000000 000000 D3DCE5 000000 D3DCE5 000000 000000 D3DCE5 000000 000000 000000 D3DCE5 000000 000000 D3DCE5
000000 000000 000000 000000 000000 000000 000000 000000 000000 000000 000000 000000 000000 000000 000000 000000 000000 000000 000000 000000 D3DCE5 000000 000000 000000 000000 D3DCE5 000000 000000 D3DCE5 000000 D3DCE5 000000 D3DCE5 D3DCE5 000000 000000 000000 000000 000000 000000 D3DCE5 000000 D3DCE5 000000 000000 D3DCE5 000000 000000 000000 D3DCE5 000000 000000 D3DCE5
000000 000000 000000 000000 000000 000000 000000 000000 000000 000000 000000 000000 000000 000000 000000 000000 000000 000000 000000 000000 D3DCE5 000000 000000 000000 000000 D3DCE5 000000 000000 D3DCE5 000000 D3DCE5 000000 D3DCE5 000000 D3DCE5 000000 000000 000000 000000 000000 D3DCE5 000000 D3DCE5 000000 000000 D3DCE5 000000 000000 000000 D3DCE5 000000 000000 D3DCE5
000000 000000 000000 000000 000000 000000 000000 000000 000000 000000 000000 000000 000000 000000 000000 000000 000000 000000 000000 000000 D3DCE5 D3DCE5 D3DCE5 000000 D3DCE5 D3DCE5 D3DCE5 000000 D3DCE5 000000 D3DCE5 000000 D3DCE5 000000 D3DCE5 000000 000000 000000 000000 000000 D3DCE5 D3DCE5 D3DCE5 000000 000000 D3DCE5 000000 000000 D3DCE5 D3DCE5 D3DCE5 000000 D3DCE5
000000 000000 000000 000000 000000 000000 000000 000000 000000 000000 000000 000000 000000 000000 000000 000000 000000 000000 000000 000000 20AEE3 20AEE3 20AEE3 000000 20AEE3 20AEE3 20AEE3 000000 20AEE3 20AEE3 20AEE3 000000 20AEE3 000000 20AEE3 000000 20AEE3 20AEE3 20AEE3 000000 20AEE3 20AEE3 20AEE3 000000 000000 000000 000000 000000 20AEE3 20AEE3 20AEE3 000000 20AEE3
000000 000000 000000 000000 000000 000000 000000 000000 000000 000000 000000 000000 000000 000000 000000 000000 000000 000000 000000 000000 000000 20AEE3 000000 000000 000000 20AEE3 000000 000000 20AEE3 000000 000000 000000 20AEE3 000000 20AEE3 000000 20AEE3 000000 000000 000000 20AEE3 000000 20AEE3 000000 000000 000000 000000 000000 000000 20AEE3 000000 000000 20AEE3
000000 000000 000000 000000 000000 000000 000000 000000 000000 000000 000000 000000 000000 000000 000000 000000 000000 000000 000000 000000 000000 20AEE3 000000 000000 000000 20AEE3 000000 000000 20AEE3 000000 000000 000000 20AEE3 20AEE3 000000 000000 20AEE3 20AEE3 20AEE3 000000 20AEE3 20AEE3 20AEE3 000000 000000 000000 000000 000000 000000 20AEE3 000000 000000 20AEE3
000000 000000 000000 000000 000000 000000 000000 000000 000000 000000 000000 000000 000000 000000 000000 000000 000000 000000 000000 000000 000000 20AEE3 000000 000000 000000 20AEE3 000000 000000 20AEE3 000000 000000 000000 20AEE3 000000 20AEE3 000000 20AEE3 000000 000000 000000 20AEE3 20AEE3 000000 000000 000000 000000 000000 000000 000000 20AEE3 000000 000000 20AEE3
000000 000000 000000 000000 000000 000000 000000 000000 000000 000000 000000 000000 000000 000000 000000 000000 000000 000000 000000 000000 000000 20AEE3 000000 000000 20AEE3 20AEE3 20AEE3 000000 20AEE3 20AEE3 20AEE3 000000 20AEE3 000000 20AEE3 000000 20AEE3 20AEE3 20AEE3 000000 20AEE3 000000 20AEE3 000000 000000 000000 000000 000000 000000 20AEE3 000000 000000 20AEE3
frame t=0.200
000000 000000 000000 000000 000000 000000 000000 000000 000000 000000 000000 000000 000000 000000 000000 000000 000000 000000 000000 000000 000000 000000 000000 000000 000000 000000 000000 000000 000000 000000 000000 000000 000000 000000 000000 000000 000000 000000 000000 000000 000000 000000 000000 000000 000000 000000 000000 000000 000000 000000 000000 000000 000000
000000 000000 000000 000000 000000 000000 000000 000000 000000 000000 000000 000000 000000 000000 000000 000000 000000 000000 000000 000000 D3DCE5 000000 D3DCE5 000000 D3DCE5 D3DCE5 D3DCE5 000000 D3DCE5 D3DCE5 D3DCE5 000000 D3DCE5 D3DCE5 000000 000000 000000 000000 000000 000000 D3DCE5 000000 000000 000000 D3DCE5 D3DCE5 D3DCE5 000000 D3DCE5 D3DCE5 D3DCE5 000000 D3DCE5
000000 000000 000000 000000 000000 000000 000000 000000 000000 000000 000000 000000 000000 000000 000000 000000 000000 000000 000000 000000 D3DCE5 D3DCE5 D3DCE5 000000 D3DCE5 000000 000000 000000 D3DCE5 000000 D3DCE5 000000 D3DCE5 000000 D3DCE5 000000 000000 000000 000000 000000 D3DCE5 000000 000000 000000 D3DCE5 000000 D3DCE5 000000 D3DCE5 000000 D3DCE5 000000 D3DCE5
000000 000000 000000 000000 000000 000000 000000 000000 000000 000000 000000 000000 000000 000000 000000 000000 000000 000000 000000 000000 D3DCE5 D3DCE5 D3DCE5 000000 D3DCE5 D3DCE5 D3DCE5 000000 D3DCE5 D3DCE5 D3DCE5 000000 D3DCE5 000000 D3DCE5 000000 000000 000000 000000 000000 D3DCE5 000000 000000 000000 D3DCE5 000000 D3DCE5 000000 D3DCE5 D3DCE5 D3DCE5 000000 D3DCE5
000000 000000 000000 000000 000000 000000 000000 000000 000000 000000 000000 000000 000000 000000 000000 000000 000000 000000 000000 000000 D3DCE5 000000 D3DCE5 000000 D3DCE5 000000 000000 000000 D3DCE5 000000 D3DCE5 000000 D3DCE5 000000 D3DCE5 000000 000000 000000 000000 000000 D3DCE5 000000 000000 000000 D3DCE5 000000 D3DCE5 000000 D3DCE5 000000 D3DCE5 000000 D3DCE5
000000 000000 000000 000000 000000 000000 000000 000000 000000 000000 000000 000000 000000 000000 000000 000000 000000 000000 000000 000000 D3DCE5 000000 D3DCE5 000000 D3DCE5 D3DCE5 D3DCE5 000000 D3DCE5 000000 D3DCE5 000000 D3DCE5 000000 D3DCE5 000000 000000 000000 000000 000000 D3DCE5 D3DCE5 D3DCE5 000000 D3DCE5 D3DCE5 D3DCE5 000000 D3DCE5 000000 D3DCE5 000000 D3DCE5
000000 000000 000000 000000 000000 000000 000000 000000 000000 000000 000000 000000 000000 000000 000000 000000 000000 000000 000000 000000 20AEE3 000000 000000 000000 20AEE3 20AEE3 20AEE3 000000 20AEE3 20AEE3 20AEE3 000000 20AEE3 20AEE3 20AEE3 000000 000000 000000 000000 000000 20AEE3 000000 20AEE3 000000 20AEE3 20AEE3 20AEE3 000000 20AEE3 20AEE3 20AEE3 000000 000000
000000 000000 000000 000000 000000 000000 000000 000000 000000 000000 000000 000000 000000 000000 000000 000000 000000 000000 000000 000000 20AEE3 000000 000000 000000 20AEE3 000000 20AEE3 000000 20AEE3 000000 000000 000000 20AEE3 000000 000000 000000 000000 000000 000000 000000 20AEE3 000000 20AEE3 000000 20AEE3 000000 20AEE3 000000 000000 20AEE3 000000 000000 000000
000000 000000 000000 000000 000000 000000 000000 000000 000000 000000 000000 000000 000000 000000 000000 000000 000000 000000 000000 000000 20AEE3 000000 000000 000000 20AEE3 000000 20AEE3 000000 20AEE3 20AEE3 20AEE3 000000 20AEE3 20AEE3 20AEE3 000000 000000 000000 000000 000000 20AEE3 20AEE3 20AEE3 000000 20AEE3 000000 20AEE3 000000 000000 20AEE3 000000 000000 000000
000000 000000 000000 000000 000000 000000 000000 000000 000000 000000 000000 000000 000000 000000 000000 000000 000000 000000 000000 000000 20AEE3 000000 000000 000000 20AEE3 000000 20AEE3 000000 000000 000000 20AEE3 000000 000000 000000 20AEE3 000000 000000 000000 000000 000000 20AEE3 000000 20AEE3 000000 20AEE3 000000 20AEE3 000000 000000 20AEE3 000000 000000 000000
000000 000000 000000 000000 000000 000000 000000 000000 000000 000000 000000 000000 000000 000000 000000 000000 000000 000000 000000 000000 20AEE3 20AEE3 20AEE3 000000 20AEE3 20AEE3 20AEE3 000000 20AEE3 20AEE3 20AEE3 000000 20AEE3 20AEE3 20AEE3 000000 000000 000000 000000 000000 20AEE3 000000 20AEE3 000000 20AEE3 20AEE3 20AEE3 000000 000000 20AEE3 000000 000000 000000
frame t=0.240
000000 000000 000000 000000 000000 000000 000000 000000 000000 000000 000000 000000 000000 000000 000000 000000 000000 000000 000000 000000 000000 000000 000000 000000 000000 000000 000000 000000 000000 000000 000000 000000 000000 000000 000000 000000 000000 000000 000000 000000 000000 000000 000000 000000 000000 000000 000000 000000 000000 000000 000000 000000 000000
000000 000000 000000 000000 000000 000000 000000 000000 000000 000000 000000 000000 000000 000000 000000 000000 000000 000000 000000 000000 D3DCE5 000000 000000 000000 D3DCE5 D3DCE5 D3DCE5 000000 D3DCE5 D3DCE5 D3DCE5 000000 D3DCE5 D3DCE5 000000 000000 000000 000000 000000 000000 D3DCE5 000000 D3DCE5 000000 D3DCE5 D3DCE5 D3DCE5 000000 D3DCE5 D3DCE5 D3DCE5 000000 D3DCE5
000000 000000 000000 000000 000000 000000 000000 000000 000000 000000 000000 000000 000000 000000 000000 000000 000000 000000 000000 000000 D3DCE5 000000 000000 000000 D3DCE5 000000 D3DCE5 000000 D3DCE5 000000 D3DCE5 000000 D3DCE5 000000 D3DCE5 000000 000000 000000 000000 000000 D3DCE5 000000 D3DCE5 000000 000000 D3DCE5 000000 000000 D3DCE5 000000 000000 000000 000000
000000 000000 000000 000000 000000 000000 000000 000000 000000 000000 000000 000000 000000 000000 000000 000000 000000 000000 000000 000000 D3DCE5 000000 000000 000000 D3DCE5 000000 D3DCE5 000000 D3DCE5 D3DCE5 D3DCE5 000000 D3DCE5 000000 D3DCE5 000000 000000 000000 000000 000000 D3DCE5 D3DCE5 D3DCE5 000000 000000 D3DCE5 000000 000000 D3DCE5 D3DCE5 D3DCE5 000000 000000
000000 000000 000000 000000 000000 000000 000000 000000 000000 000000 000000 000000 000000 000000 000000 000000 000000 000000 000000 000000 D3DCE5 000000 000000 000000 D3DCE5 000000 D3DCE5 000000 D3DCE5 000000 D3DCE5 000000 D3DCE5 000000 D3DCE5 000000 000000 000000 000000 000000 D3DCE5 000000 D3DCE5 000000 000000 D3DCE5 000000 000000 000000 000000 D3DCE5 000000 000000
000000 000000 000000 000000 000000 000000 000000 000000 000000 000000 000000 000000 000000 000000 000000 000000 000000 000000 000000 000000 D3DCE5 D3DCE5 D3DCE5 000000 D3DCE5 D3DCE5 D3DCE5 000000 D3DCE5 000000 D3DCE5 000000 D3DCE5 D3DCE5 000000 000000 000000 000000 000000 000000 D3DCE5 000000 D3DCE5 000000 D3DCE5 D3DCE5 D3DCE5 000000 D3DCE5 D3DCE5 D3DCE5 000000 000000
000000 000000 000000 000000 000000 000000 000000 000000 000000 000000 000000 000000 000000 000000 000000 000000 000000 000000 000000 000000 20AEE3 20AEE3 20AEE3 000000 20AEE3 20AEE3 20AEE3 000000 20AEE3 20AEE3 20AEE3 000000 20AEE3 000000 20AEE3 000000 20AEE3 20AEE3 20AEE3 000000 000000 000000 000000 000000 20AEE3 20AEE3 20AEE3 000000 20AEE3 000000 20AEE3 000000 20AEE3
000000 000000 000000 000000 000000 000000 000000 000000 000000 000000 000000 000000 000000 000000 000000 000000 000000 000000 000000 000000 20AEE3 000000 20AEE3 000000 000000 20AEE3 000000 000000 20AEE3 000000 000000 000000 20AEE3 000000 20AEE3 000000 000000 20AEE3 000000 000000 000000 000000 000000 000000 000000 20AEE3 000000 000000 20AEE3 000000 20AEE3 000000 20AEE3
000000 000000 000000 000000 000000 000000 000000 000000 000000 000000 000000 000000 000000 000000 000000 000000 000000 000000 000000 000000 20AEE3 20AEE3 20AEE3 000000 000000 20AEE3 000000 000000 20AEE3 000000 20AEE3 000000 20AEE3 20AEE3 20AEE3 000000 000000 20AEE3 000000 000000 000000 000000 000000 000000 000000 20AEE3 000000 000000 20AEE3 20AEE3 20AEE3 000000 20AEE3
000000 000000 000000 000000 000000 000000 000000 000000 000000 000000 000000 000000 000000 000000 000000 000000 000000 000000 000000 000000 20AEE3 20AEE3 000000 000000 000000 20AEE3 000000 000000 20AEE3 000000 20AEE3 000000 20AEE3 000000 20AEE3 000000 000000 20AEE3 000000 000000 000000 000000 000000 000000 000000 20AEE3 000000 000000 20AEE3 000000 20AEE3 000000 20AEE3
000000 000000 000000 000000 000000 000000 000000 000000 000000 000000 000000 000000 000000 000000 000000 000000 000000 000000 000000 000000 20AEE3 000000 20AEE3 000000 20AEE3 20AEE3 20AEE3 000000 20AEE3 20AEE3 20AEE3 000000 20AEE3 000000 20AEE3 000000 000000 20AEE3 000000 000000 000000 000000 000000 000000 000000 20AEE3 000000 000000 20AEE3 000000 20AEE3 000000 20AEE3
frame t=0.280
000000 000000 000000 000000 000000 000000 000000 000000 000000 000000 000000 000000 000000 000000 000000 000000 000000 000000 000000 000000 000000 000000 000000 000000 000000 000000 000000 000000 000000 000000 000000 000000 000000 000000 000000 000000 000000 000000 000000 000000 000000 000000 000000 000000 000000 000000 000000 000000 000000 000000 000000 000000 000000
000000 000000 000000 000000 000000 000000 000000 000000 000000 000000 000000 000000 000000 000000 000000 000000 000000 000000 000000 000000 D3DCE5 D3DCE5 D3DCE5 000000 D3DCE5 D3DCE5 D3DCE5 000000 D3DCE5 D3DCE5 D3DCE5 000000 D3DCE5 D3DCE5 D3DCE5 000000 D3DCE5 D3DCE5 D3DCE5 000000 D3DCE5 D3DCE5 D3DCE5 000000 000000 000000 000000 000000 D3DCE5 D3DCE5 D3DCE5 000000 D3DCE5
000000 000000 000000 000000 000000 000000 000000 000000 000000 000000 000000 000000 000000 000000 000000 000000 000000 000000 000000 000000 000000 D3DCE5 000000 000000 D3DCE5 000000 D3DCE5 000000 D3DCE5 000000 D3DCE5 000000 D3DCE5 000000 000000 000000 D3DCE5 000000 000000 000000 D3DCE5 000000 000000 000000 000000 000000 000000 000000 000000 D3DCE5 000000 000000 D3DCE5
000000 000000 000000 000000 000000 000000 000000 000000 000000 000000 000000 000000 000000 000000 000000 000000 000000 000000 000000 000000 000000 D3DCE5 000000 000000 D3DCE5 D3DCE5 D3DCE5 000000 D3DCE5 D3DCE5 D3DCE5 000000 D3DCE5 000000 000000 000000 D3DCE5 D3DCE5 D3DCE5 000000 D3DCE5 D3DCE5 D3DCE5 000000 000000 000000 000000 000000 000000 D3DCE5 000000 000000 D3DCE5
000000 000000 000000 000000 000000 000000 000000 000000 000000 000000 000000 000000 000000 000000 000000 000000 000000 000000 000000 000000 000000 D3DCE5 000000 000000 D3DCE5 D3DCE5 000000 000000 D3DCE5 000000 D3DCE5 000000 D3DCE5 000000 000000 000000 D3DCE5 000000 000000 000000 000000 000000 D3DCE5 000000 000000 000000 000000 000000 000000 D3DCE5 000000 000000 D3DCE5
000000 000000 000000 000000 000000 000000 000000 000000 000000 000000 000000 000000 000000 000000 000000 000000 000000 000000 000000 000000 000000 D3DCE5 000000 000000 D3DCE5 000000 D3DCE5 000000 D3DCE5 000000 D3DCE5 000000 D3DCE5 D3DCE5 D3DCE5 000000 D3DCE5 D3DCE5 D3DCE5 000000 D3DCE5 D3DCE5 D3DCE5 000000 000000 000000 000000 000000 000000 D3DCE5 000000 000000 D3DCE5
000000 000000 000000 000000 000000 000000 000000 000000 000000 000000 000000 000000 000000 000000 000000 000000 000000 000000 000000 000000 20AEE3 20AEE3 20AEE3 000000 20AEE3 20AEE3 20AEE3 000000 20AEE3 20AEE3 20AEE3 000000 000000 000000 000000 000000 20AEE3 20AEE3 20AEE3 000000 20AEE3 20AEE3 20AEE3 000000 20AEE3 20AEE3 20AEE3 000000 000000 000000 000000 000000 20AEE3
000000 000000 000000 000000 000000 000000 000000 000000 000000 000000 000000 000000 000000 000000 000000 000000 000000 000000 000000 000000 20AEE3 000000 20AEE3 000000 000000 20AEE3 000000 000000 000000 20AEE3 000000 000000 000000 000000 000000 000000 000000 20AEE3 000000 000000 20AEE3 000000 20AEE3 000000 20AEE3 000000 20AEE3 000000 000000 000000 000000 000000 000000
000000 000000 000000 000000 000000 000000 000000 000000 000000 000000 000000 000000 000000 000000 000000 000000 000000 000000 000000 000000 20AEE3 20AEE3 20AEE3 000000 000000 20AEE3 000000 000000 000000 20AEE3 000000 000000 000000 000000 000000 000000 000000 20AEE3 000000 000000 20AEE3 000000 20AEE3 000000 20AEE3 20AEE3 20AEE3 000000 000000 000000 000000 000000 000000
000000 000000 000000 000000 000000 000000 000000 000000 000000 000000 000000 000000 000000 000000 000000 000000 000000 000000 000000 000000 20AEE3 20AEE3 000000 000000 000000 20AEE3 000000 000000 000000 20AEE3 000000 000000 000000 000000 000000 000000 000000 20AEE3 000000 000000 20AEE3 000000 20AEE3 000000 20AEE3 000000 000000 000000 000000 000000 000000 000000 000000
000000 000000 000000 000000 000000 000000 000000 000000 000000 000000 000000 000000 000000 000000 000000 000000 000000 000000 000000 000000 20AEE3 000000 20AEE3 000000 000000 20AEE3 000000 000000 000000 20AEE3 000000 000000 000000 000000 000000 000000 000000 20AEE3 000000 000000 20AEE3 20AEE3 20AEE3 000000 20AEE3 000000 000000 000000 000000 000000 000000 000000 000000
frame t=0.320
000000 000000 000000 000000 000000 000000 000000 000000 000000 000000 000000 000000 000000 000000 000000 000000 000000 000000 000000 000000 000000 000000 000000 000000 000000 000000 000000 000000 000000 000000 000000 000000 000000 000000 000000 000000 000000 000000 000000 000000 000000 000000 000000 000000 000000 000000 000000 000000 000000 000000 000000 000000 000000
000000 000000 000000 000000 000000 000000 000000 000000 000000 000000 000000 000000 000000 000000 000000 000000 000000 000000 000000 000000 D3DCE5 D3DCE5 D3DCE5 000000 D3DCE5 D3DCE5 D3DCE5 000000 D3DCE5 D3DCE5 D3DCE5 000000 D3DCE5 000000 000000 000000 000000 000000 000000 000000 D3DCE5 000000 000000 000000 D3DCE5 D3DCE5 D3DCE5 000000 D3DCE5 D3DCE5 D3DCE5 000000 D3DCE5
000000 000000 000000 000000 000000 000000 000000 000000 000000 000000 000000 000000 000000 000000 000000 000000 000000 000000 000000 000000 D3DCE5 000000 D3DCE5 000000 D3DCE5 000000 D3DCE5 000000 D3DCE5 000000 D3DCE5 000000 D3DCE5 000000 000000 000000 000000 000000 000000 000000 D3DCE5 000000 000000 000000 D3DCE5 000000 D3DCE5 000000 D3DCE5 000000 D3DCE5 000000 D3DCE5
000000 000000 000000 000000 000000 000000 000000 000000 000000 000000 000000 000000 000000 000000 000000 000000 000000 000000 000000 000000 D3DCE5 D3DCE5 D3DCE5 000000 D3DCE5 000000 D3DCE5 000000 D3DCE5 000000 D3DCE5 000000 D3DCE5 000000 000000 000000 000000 000000 000000 000000 D3DCE5 000000 000000 000000 D3DCE5 000000 D3DCE5 000000 D3DCE5 D3DCE5 D3DCE5 000000 D3DCE5
000000 000000 000000 000000 000000 000000 000000 000000 000000 000000 000000 000000 000000 000000 000000 000000 000000 000000 000000 000000 D3DCE5 000000 000000 000000 D3DCE5 000000 D3DCE5 000000 D3DCE5 000000 D3DCE5 000000 D3DCE5 000000 000000 000000 000000 000000 000000 000000 D3DCE5 000000 000000 000000 D3DCE5 000000 D3DCE5 000000 D3DCE5 000000 D3DCE5 000000 D3DCE5
000000 000000 000000 000000 000000 000000 000000 000000 000000 000000 000000 000000 000000 000000 000000 000000 000000 000000 000000 000000 D3DCE5 000000 000000 000000 D3DCE5 D3DCE5 D3DCE5 000000 D3DCE5 D3DCE5 D3DCE5 000000 D3DCE5 D3DCE5 D3DCE5 000000 000000 000000 000000 000000 D3DCE5 D3DCE5 D3DCE5 000000 D3DCE5 D3DCE5 D3DCE5 000000 D3DCE5 000000 D3DCE5 000000 D3DCE5
000000 20AEE3 20AEE3 20AEE3 000000 20AEE3 20AEE3 20AEE3 000000 20AEE3 20AEE3 20AEE3 000000 20AEE3 20AEE3 20AEE3 000000 000000 000000 000000 000000 20AEE3 20AEE3 20AEE3 000000 000000 000000 000000 000000 20AEE3 000000 20AEE3 000000 20AEE3 20AEE3 20AEE3 000000 20AEE3 20AEE3 20AEE3 000000 20AEE3 000000 20AEE3 000000 20AEE3 20AEE3 20AEE3 000000 20AEE3 20AEE3 20AEE3 000000
000000 000000 20AEE3 000000 000000 000000 20AEE3 000000 000000 20AEE3 000000 000000 000000 20AEE3 000000 20AEE3 000000 000000 000000 000000 000000 20AEE3 000000 20AEE3 000000 000000 000000 000000 000000 20AEE3 20AEE3 20AEE3 000000 20AEE3 000000 20AEE3 000000 20AEE3 000000 20AEE3 000000 20AEE3 000000 20AEE3 000000 20AEE3 000000 000000 000000 20AEE3 000000 20AEE3 000000
000000 000000 20AEE3 000000 000000 000000 20AEE3 000000 000000 20AEE3 20AEE3 20AEE3 000000 20AEE3 20AEE3 20AEE3 000000 000000 000000 000000 000000 20AEE3 000000 20AEE3 000000 000000 000000 000000 000000 20AEE3 20AEE3 20AEE3 000000 20AEE3 20AEE3 20AEE3 000000 20AEE3 20AEE3 20AEE3 000000 20AEE3 20AEE3 000000 000000 20AEE3 20AEE3 20AEE3 000000 20AEE3 20AEE3 20AEE3 000000
000000 000000 20AEE3 000000 000000 000000 20AEE3 000000 000000 20AEE3 000000 000000 000000 20AEE3 20AEE3 000000 000000 000000 000000 000000 000000 20AEE3 000000 20AEE3 000000 000000 000000 000000 000000 20AEE3 000000 20AEE3 000000 20AEE3 000000 20AEE3 000000 20AEE3 20AEE3 000000 000000 20AEE3 000000 20AEE3 000000 20AEE3 000000 000000 000000 20AEE3 20AEE3 000000 000000
000000 000000 20AEE3 000000 000000 20AEE3 20AEE3 20AEE3 000000 20AEE3 20AEE3 20AEE3 000000 20AEE3 000000 20AEE3 000000 000000 000000 000000 000000 20AEE3 20AEE3 20AEE3 000000 000000 000000 000000 000000 20AEE3 000000 20AEE3 000000 20AEE3 000000 20AEE3 000000 20AEE3 000000 20AEE3 000000 20AEE3 000000 20AEE3 000000 20AEE3 20AEE3 20AEE3 000000 20AEE3 000000 20AEE3 000000
frame t=0.360
000000 000000 000000 000000 000000 000000 000000 000000 000000 000000 000000 000000 000000 000000 000000 000000 000000 000000 000000 000000 000000 000000 000000 000000 000000 000000 000000 000000 000000 000000 000000 000000 000000 000000 000000 000000 000000 000000 000000 000000 000000 000000 000000 000000 000000 000000 000000 000000 000000 000000 000000 000000 000000
000000 000000 000000 000000 000000 000000 000000 000000 000000 000000 000000 000000 000000 000000 000000 000000 000000 000000 000000 000000 D3DCE5 D3DCE5 D3DCE5 000000 D3DCE5 D3DCE5 D3DCE5 000000 D3DCE5 D3DCE5 D3DCE5 000000 D3DCE5 D3DCE5 000000 000000 D3DCE5 D3DCE5 D3DCE5 000000 000000 000000 000000 000000 D3DCE5 000000 D3DCE5 000000 D3DCE5 D3DCE5 D3DCE5 000000 D3DCE5
000000 000000 000000 000000 000000 000000 000000 000000 000000 000000 000000 000000 000000 000000 000000 000000 000000 000000 000000 000000 D3DCE5 000000 D3DCE5 000000 D3DCE5 000000 D3DCE5 000000 D3DCE5 000000 D3DCE5 000000 D3DCE5 000000 D3DCE5 000000 D3DCE5 000000 000000 000000 000000 000000 000000 000000 D3DCE5 000000 D3DCE5 000000 D3DCE5 000000 D3DCE5 000000 000000
000000 000000 000000 000000 000000 000000 000000 000000 000000 000000 000000 000000 000000 000000 000000 000000 000000 000000 000000 000000 D3DCE5 D3DCE5 D3DCE5 000000 D3DCE5 D3DCE5 D3DCE5 000000 D3DCE5 000000 D3DCE5 000000 D3DCE5 D3DCE5 000000 000000 D3DCE5 D3DCE5 D3DCE5 000000 000000 000000 000000 000000 D3DCE5 D3DCE5 D3DCE5 000000 D3DCE5 D3DCE5 D3DCE5 000000 000000
000000 000000 000000 000000 000000 000000 000000 000000 000000 000000 000000 000000 000000 000000 000000 000000 000000 000000 000000 000000 D3DCE5 000000 000000 000000 D3DCE5 D3DCE5 000000 000000 D3DCE5 000000 D3DCE5 000000 D3DCE5 000000 D3DCE5 000000 D3DCE5 000000 000000 000000 000000 000000 000000 000000 D3DCE5 D3DCE5 D3DCE5 000000 D3DCE5 000000 D3DCE5 000000 000000
000000 000000 000000 000000 000000 000000 000000 000000 000000 000000 000000 000000 000000 000000 000000 000000 000000 000000 000000 000000 D3DCE5 000000 000000 000000 D3DCE5 000000 D3DCE5 000000 D3DCE5 D3DCE5 D3DCE5 000000 D3DCE5 D3DCE5 000000 000000 D3DCE5 D3DCE5 D3DCE5 000000 000000 000000 000000 000000 D3DCE5 000000 D3DCE5 000000 D3DCE5 000000 D3DCE5 000000 000000
000000 000000 000000 000000 000000 000000 000000 000000 000000 000000 000000 000000 000000 000000 000000 000000 000000 000000 000000 000000 20AEE3 20AEE3 20AEE3 000000 20AEE3 20AEE3 20AEE3 000000 20AEE3 20AEE3 000000 000000 000000 000000 000000 000000 20AEE3 000000 000000 000000 20AEE3 20AEE3 20AEE3 000000 20AEE3 20AEE3 20AEE3 000000 20AEE3 20AEE3 20AEE3 000000 000000
000000 000000 000000 000000 000000 000000 000000 000000 000000 000000 000000 000000 000000 000000 000000 000000 000000 000000 000000 000000 20AEE3 000000 20AEE3 000000 20AEE3 000000 000000 000000 20AEE3 000000 20AEE3 000000 000000 000000 000000 000000 20AEE3 000000 000000 000000 20AEE3 000000 20AEE3 000000 20AEE3 000000 000000 000000 20AEE3 000000 000000 000000 000000
000000 000000 000000 000000 000000 000000 000000 000000 000000 000000 000000 000000 000000 000000 000000 000000 000000 000000 000000 000000 20AEE3 20AEE3 20AEE3 000000 20AEE3 20AEE3 20AEE3 000000 20AEE3 000000 20AEE3 000000 000000 000000 000000 000000 20AEE3 000000 000000 000000 20AEE3 000000 20AEE3 000000 20AEE3 20AEE3 20AEE3 000000 20AEE3 20AEE3 20AEE3 000000 000000
000000 000000 000000 000000 000000 000000 000000 000000 000000 000000 000000 000000 000000 000000 000000 000000 000000 000000 000000 000000 20AEE3 20AEE3 000000 000000 20AEE3 000000 000000 000000 20AEE3 000000 20AEE3 000000 000000 000000 000000 000000 20AEE3 000000 000000 000000 20AEE3 000000 20AEE3 000000 000000 000000 20AEE3 000000 000000 000000 20AEE3 000000 000000
000000 000000 000000 000000 000000 000000 000000 000000 000000 000000 000000 000000 000000 000000 000000 000000 000000 000000 000000 000000 20AEE3 000000 20AEE3 000000 20AEE3 20AEE3 20AEE3 000000 20AEE3 20AEE3 000000 000000 000000 000000 000000 000000 20AEE3 20AEE3 20AEE3 000000 20AEE3 20AEE3 20AEE3 000000 20AEE3 20AEE3 20AEE3 000000 20AEE3 20AEE3 20AEE3 000000 000000
frame t=0.400
000000 000000 000000 000000 000000 000000 000000 000000 000000 000000 000000 000000 000000 000000 000000 000000 000000 000000 000000 000000 000000 000000 000000 000000 000000 000000 000000 000000 000000 000000 000000 000000 000000 000000 000000 000000 000000 000000 000000 000000 000000 000000 000000 000000 000000 000000 000000 000000 000000 000000 000000 000000 000000
000000 000000 000000 000000 000000 000000 000000 000000 000000 000000 000000 000000 000000 000000 000000 000000 000000 000000 000000 000000 D3DCE5 D3DCE5 D3DCE5 000000 D3DCE5 D3DCE5 D3DCE5 000000 D3DCE5 D3DCE5 D3DCE5 000000 D3DCE5 000000 000000 000000 000000 000000 000000 000000 D3DCE5 D3DCE5 D3DCE5 000000 D3DCE5 D3DCE5 D3DCE5 000000 D3DCE5 D3DCE5 D3DCE5 000000 D3DCE5
000000 000000 000000 000000 000000 000000 000000 000000 000000 000000 000000 000000 000000 000000 000000 000000 000000 000000 000000 000000 D3DCE5 000000 D3DCE5 000000 D3DCE5 000000 D3DCE5 000000 D3DCE5 000000 D3DCE5 000000 D3DCE5 000000 000000 000000 000000 000000 000000 000000 D3DCE5 000000 000000 000000 000000 D3DCE5 000000 000000 000000 000000 D3DCE5 000000 D3DCE5
000000 000000 000000 000000 000000 000000 000000 000000 000000 000000 000000 000000 000000 000000 000000 000000 000000 000000 000000 000000 D3DCE5 D3DCE5 D3DCE5 000000 D3DCE5 000000 D3DCE5 000000 D3DCE5 000000 D3DCE5 000000 D3DCE5 000000 000000 000000 000000 000000 000000 000000 D3DCE5 D3DCE5 D3DCE5 000000 000000 D3DCE5 000000 000000 000000 D3DCE5 000000 000000 D3DCE5
000000 000000 000000 000000 000000 000000 000000 000000 000000 000000 000000 000000 000000 000000 000000 000000 000000 000000 000000 000000 D3DCE5 000000 000000 000000 D3DCE5 000000 D3DCE5 000000 D3DCE5 000000 D3DCE5 000000 D3DCE5 000000 000000 000000 000000 000000 000000 000000 000000 000000 D3DCE5 000000 000000 D3DCE5 000000 000000 D3DCE5 000000 000000 000000 D3DCE5
000000 000000 000000 000000 000000 000000 000000 000000 000000 000000 000000 000000 000000 000000 000000 000000 000000 000000 000000 000000 D3DCE5 000000 000000 000000 D3DCE5 D3DCE5 D3DCE5 000000 D3DCE5 D3DCE5 D3DCE5 000000 D3DCE5 D3DCE5 D3DCE5 000000 000000 000000 000000 000000 D3DCE5 D3DCE5 D3DCE5 000000 D3DCE5 D3DCE5 D3DCE5 000000 D3DCE5 D3DCE5 D3DCE5 000000 D3DCE5
000000 000000 000000 20AEE3 20AEE3 20AEE3 000000 20AEE3 000000 000000 000000 20AEE3 20AEE3 20AEE3 000000 20AEE3 20AEE3 20AEE3 000000 20AEE3 20AEE3 20AEE3 000000 000000 000000 000000 000000 20AEE3 20AEE3 20AEE3 000000 20AEE3 20AEE3 20AEE3 000000 20AEE3 20AEE3 20AEE3 000000 20AEE3 000000 20AEE3 000000 20AEE3 20AEE3 20AEE3 000000 20AEE3 20AEE3 20AEE3 000000 000000 000000
000000 000000 000000 20AEE3 000000 20AEE3 000000 20AEE3 000000 000000 000000 20AEE3 000000 000000 000000 20AEE3 000000 20AEE3 000000 000000 20AEE3 000000 000000 000000 000000 000000 000000 000000 20AEE3 000000 000000 000000 20AEE3 000000 000000 20AEE3 000000 000000 000000 20AEE3 000000 20AEE3 000000 20AEE3 000000 000000 000000 20AEE3 000000 20AEE3 000000 000000 000000
000000 000000 000000 20AEE3 20AEE3 20AEE3 000000 20AEE3 000000 000000 000000 20AEE3 20AEE3 20AEE3 000000 20AEE3 20AEE3 20AEE3 000000 000000 20AEE3 000000 000000 000000 000000 000000 000000 000000 20AEE3 000000 000000 000000 20AEE3 000000 000000 20AEE3 000000 000000 000000 20AEE3 20AEE3 000000 000000 20AEE3 20AEE3 20AEE3 000000 20AEE3 20AEE3 20AEE3 000000 000000 000000
000000 000000 000000 20AEE3 000000 20AEE3 000000 20AEE3 000000 000000 000000 20AEE3 000000 000000 000000 20AEE3 20AEE3 000000 000000 000000 20AEE3 000000 000000 000000 000000 000000 000000 000000 20AEE3 000000 000000 000000 20AEE3 000000 000000 20AEE3 000000 000000 000000 20AEE3 000000 20AEE3 000000 20AEE3 000000 000000 000000 20AEE3 20AEE3 000000 000000 000000 000000
000000 000000 000000 20AEE3 000000 20AEE3 000000 20AEE3 20AEE3 20AEE3 000000 20AEE3 20AEE3 20AEE3 000000 20AEE3 000000 20AEE3 000000 000000 20AEE3 000000 000000 000000 000000 000000 000000 000000 20AEE3 000000 000000 20AEE3 20AEE3 20AEE3 000000 20AEE3 20AEE3 20AEE3 000000 20AEE3 000000 20AEE3 000000 20AEE3 20AEE3 20AEE3 000000 20AEE3 000000 20AEE3 000000 000000 000000
frame t=0.440
000000 000000 000000 000000 000000 000000 000000 000000 000000 000000 000000 000000 000000 000000 000000 000000 000000 000000 000000 000000 000000 000000 000000 000000 000000 000000 000000 000000 000000 000000 000000 000000 000000 000000 000000 000000 000000 000000 000000 000000 000000 000000 000000 000000 000000 000000 000000 000000 000000 000000 000000 000000 000000
000000 000000 000000 000000 000000 000000 000000 000000 000000 000000 000000 000000 000000 000000 000000 000000 000000 000000 000000 000000 D3DCE5 D3DCE5 D3DCE5 000000 D3DCE5 000000 D3DCE5 000000 D3DCE5 D3DCE5 000000 000000 D3DCE5 D3DCE5 D3DCE5 000000 D3DCE5 D3DCE5 D3DCE5 000000 D3DCE5 D3DCE5 000000 000000 D3DCE5 D3DCE5 D3DCE5 000000 000000 000000 000000 000000 D3DCE5
000000 000000 000000 000000 000000 000000 000000 000000 000000 000000 000000 000000 000000 000000 000000 000000 000000 000000 000000 000000 D3DCE5 000000 D3DCE5 000000 D3DCE5 D3DCE5 D3DCE5 000000 D3DCE5 000000 D3DCE5 000000 000000 D3DCE5 000000 000000 D3DCE5 000000 000000 000000 D3DCE5 000000 D3DCE5 000000 000000 D3DCE5 000000 000000 000000 000000 000000 000000 D3DCE5
000000 000000 000000 000000 000000 000000 000000 000000 000000 000000 000000 000000 000000 000000 000000 000000 000000 000000 000000 000000 D3DCE5 D3DCE5 D3DCE5 000000 D3DCE5 D3DCE5 D3DCE5 000000 D3DCE5 D3DCE5 000000 000000 000000 D3DCE5 000000 000000 D3DCE5 D3DCE5 D3DCE5 000000 D3DCE5 000000 D3DCE5 000000 000000 D3DCE5 000000 000000 000000 000000 000000 000000 D3DCE5
000000 000000 000000 000000 000000 000000 000000 000000 000000 000000 000000 000000 000000 000000 000000 000000 000000 000000 000000 000000 D3DCE5 000000 D3DCE5 000000 D3DCE5 000000 D3DCE5 000000 D3DCE5 000000 D3DCE5 000000 000000 D3DCE5 000000 000000 D3DCE5 000000 000000 000000 D3DCE5 000000 D3DCE5 000000 000000 D3DCE5 000000 000000 000000 000000 000000 000000 D3DCE5
000000 000000 000000 000000 000000 000000 000000 000000 000000 000000 000000 000000 000000 000000 000000 000000 000000 000000 000000 000000 D3DCE5 000000 D3DCE5 000000 D3DCE5 000000 D3DCE5 000000 D3DCE5 D3DCE5 000000 000000 D3DCE5 D3DCE5 D3DCE5 000000 D3DCE5 D3DCE5 D3DCE5 000000 D3DCE5 000000 D3DCE5 000000 000000 D3DCE5 000000 000000 000000 000000 000000 000000 D3DCE5
000000 000000 000000 000000 000000 000000 000000 000000 000000 000000 000000 000000 000000 000000 000000 000000 000000 000000 000000 000000 20AEE3 20AEE3 20AEE3 000000 20AEE3 000000 20AEE3 000000 20AEE3 20AEE3 20AEE3 000000 000000 000000 000000 000000 20AEE3 000000 000000 000000 20AEE3 20AEE3 20AEE3 000000 20AEE3 20AEE3 20AEE3 000000 20AEE3 20AEE3 000000 000000 000000
000000 000000 000000 000000 000000 000000 000000 000000 000000 000000 000000 000000 000000 000000 000000 000000 000000 000000 000000 000000 20AEE3 000000 000000 000000 20AEE3 000000 20AEE3 000000 20AEE3 000000 000000 000000 000000 000000 000000 000000 20AEE3 000000 000000 000000 20AEE3 000000 20AEE3 000000 20AEE3 000000 20AEE3 000000 20AEE3 000000 20AEE3 000000 000000
000000 000000 000000 000000 000000 000000 000000 000000 000000 000000 000000 000000 000000 000000 000000 000000 000000 000000 000000 000000 20AEE3 20AEE3 20AEE3 000000 000000 20AEE3 000000 000000 20AEE3 20AEE3 20AEE3 000000 000000 000000 000000 000000 20AEE3 000000 000000 000000 20AEE3 000000 20AEE3 000000 20AEE3 20AEE3 20AEE3 000000 20AEE3 000000 20AEE3 000000 000000
000000 000000 000000 000000 000000 000000 000000 000000 000000 000000 000000 000000 000000 000000 000000 000000 000000 000000 000000 000000 000000 000000 20AEE3 000000 000000 20AEE3 000000 000000 000000 000000 20AEE3 000000 000000 000000 000000 000000 20AEE3 000000 000000 000000 20AEE3 000000 20AEE3 000000 20AEE3 000000 20AEE3 000000 20AEE3 000000 20AEE3 000000 000000
000000 000000 000000 000000 000000 000000 000000 000000 000000 000000 000000 000000 000000 000000 000000 000000 000000 000000 000000 000000 20AEE3 20AEE3 20AEE3 000000 000000 20AEE3 000000 000000 20AEE3 20AEE3 20AEE3 000000 000000 000000 000000 000000 20AEE3 20AEE3 20AEE3 000000 20AEE3 20AEE3 20AEE3 000000 20AEE3 000000 20AEE3 000000 20AEE3 20AEE3 000000 000000 000000
