# panel golden linklost — CONTRACT §4 link-lost plate
# generated by status-panel/firmware/test/panelParityTest.c from fixtures/parity-fixture.json (PARITY_REGEN=1)
# 53x11, one line per row, 53 RRGGBB tokens per line, post-flush 0..255 per channel
frame t=0.000
000000 000000 000000 000000 000000 000000 000000 000000 000000 000000 000000 000000 000000 000000 000000 000000 000000 000000 000000 000000 000000 000000 000000 000000 000000 000000 000000 000000 000000 000000 000000 000000 000000 000000 000000 000000 000000 000000 000000 000000 000000 000000 000000 000000 000000 000000 000000 000000 000000 000000 000000 000000 000000
000000 000000 000000 000000 000000 000000 000000 000000 000000 000000 000000 000000 000000 000000 000000 000000 000000 000000 000000 000000 000000 000000 000000 000000 000000 000000 000000 000000 000000 000000 000000 000000 000000 000000 000000 000000 000000 000000 000000 000000 000000 000000 000000 000000 000000 000000 000000 000000 000000 000000 000000 000000 000000
000000 000000 000000 000000 000000 000000 000000 000000 000000 000000 000000 000000 000000 000000 000000 000000 000000 000000 000000 000000 000000 000000 000000 000000 000000 000000 000000 000000 000000 000000 000000 000000 000000 000000 000000 000000 000000 000000 000000 000000 000000 000000 000000 000000 000000 000000 000000 000000 000000 000000 000000 000000 000000
000000 000000 000000 000000 000000 000000 000000 000000 000000 E49B21 000000 000000 000000 E49B21 E49B21 E49B21 000000 E49B21 E49B21 000000 000000 E49B21 000000 E49B21 000000 000000 000000 000000 000000 E49B21 000000 000000 000000 E49B21 E49B21 E49B21 000000 E49B21 E49B21 E49B21 000000 E49B21 E49B21 E49B21 000000 000000 000000 000000 000000 000000 000000 000000 000000
000000 000000 000000 000000 000000 000000 000000 000000 000000 E49B21 000000 000000 000000 000000 E49B21 000000 000000 E49B21 000000 E49B21 000000 E49B21 000000 E49B21 000000 000000 000000 000000 000000 E49B21 000000 000000 000000 E49B21 000000 E49B21 000000 E49B21 000000 000000 000000 000000 E49B21 000000 000000 000000 000000 000000 000000 000000 000000 000000 000000
000000 000000 000000 000000 000000 000000 000000 000000 000000 E49B21 000000 000000 000000 000000 E49B21 000000 000000 E49B21 000000 E49B21 000000 E49B21 E49B21 000000 000000 000000 000000 000000 000000 E49B21 000000 000000 000000 E49B21 000000 E49B21 000000 E49B21 E49B21 E49B21 000000 000000 E49B21 000000 000000 000000 000000 000000 000000 000000 000000 000000 000000
000000 000000 000000 000000 000000 000000 000000 000000 000000 E49B21 000000 000000 000000 000000 E49B21 000000 000000 E49B21 000000 E49B21 000000 E49B21 000000 E49B21 000000 000000 000000 000000 000000 E49B21 000000 000000 000000 E49B21 000000 E49B21 000000 000000 000000 E49B21 000000 000000 E49B21 000000 000000 000000 000000 000000 000000 000000 000000 000000 000000
000000 000000 000000 000000 000000 000000 000000 000000 000000 E49B21 E49B21 E49B21 000000 E49B21 E49B21 E49B21 000000 E49B21 000000 E49B21 000000 E49B21 000000 E49B21 000000 000000 000000 000000 000000 E49B21 E49B21 E49B21 000000 E49B21 E49B21 E49B21 000000 E49B21 E49B21 E49B21 000000 000000 E49B21 000000 000000 000000 000000 000000 000000 000000 000000 000000 000000
000000 000000 000000 000000 000000 000000 000000 000000 000000 000000 000000 000000 000000 000000 000000 000000 000000 000000 000000 000000 000000 000000 000000 000000 000000 000000 000000 000000 000000 000000 000000 000000 000000 000000 000000 000000 000000 000000 000000 000000 000000 000000 000000 000000 000000 000000 000000 000000 000000 000000 000000 000000 000000
1B252C 000000 000000 000000 000000 000000 000000 000000 000000 000000 000000 000000 000000 000000 000000 000000 000000 000000 000000 000000 000000 000000 000000 000000 000000 000000 000000 000000 000000 000000 000000 000000 000000 000000 000000 000000 000000 000000 000000 000000 000000 000000 000000 000000 000000 000000 000000 000000 000000 000000 000000 000000 000000
000000 000000 000000 000000 000000 000000 000000 000000 000000 000000 000000 000000 000000 000000 000000 000000 000000 000000 000000 000000 000000 000000 000000 000000 000000 000000 000000 000000 000000 000000 000000 000000 000000 000000 000000 000000 000000 000000 000000 000000 000000 000000 000000 000000 000000 000000 000000 000000 000000 000000 000000 000000 000000
frame t=5.000
000000 000000 000000 000000 000000 000000 000000 000000 000000 000000 000000 000000 000000 000000 000000 000000 000000 000000 000000 000000 000000 000000 000000 000000 000000 000000 000000 000000 000000 000000 000000 000000 000000 000000 000000 000000 000000 000000 000000 000000 000000 000000 000000 000000 000000 000000 000000 000000 000000 000000 000000 000000 000000
000000 000000 000000 000000 000000 000000 000000 000000 000000 000000 000000 000000 000000 000000 000000 000000 000000 000000 000000 000000 000000 000000 000000 000000 000000 000000 000000 000000 000000 000000 000000 000000 000000 000000 000000 000000 000000 000000 000000 000000 000000 000000 000000 000000 000000 000000 000000 000000 000000 000000 000000 000000 000000
000000 000000 000000 000000 000000 000000 000000 000000 000000 000000 000000 000000 000000 000000 000000 000000 000000 000000 000000 000000 000000 000000 000000 000000 000000 000000 000000 000000 000000 000000 000000 000000 000000 000000 000000 000000 000000 000000 000000 000000 000000 000000 000000 000000 000000 000000 000000 000000 000000 000000 000000 000000 000000
000000 000000 000000 000000 000000 000000 000000 000000 000000 F1A322 000000 000000 000000 F1A322 F1A322 F1A322 000000 F1A322 F1A322 000000 000000 F1A322 000000 F1A322 000000 000000 000000 000000 000000 F1A322 000000 000000 000000 F1A322 F1A322 F1A322 000000 F1A322 F1A322 F1A322 000000 F1A322 F1A322 F1A322 000000 000000 000000 000000 000000 000000 000000 000000 000000
000000 000000 000000 000000 000000 000000 000000 000000 000000 F1A322 000000 000000 000000 000000 F1A322 000000 000000 F1A322 000000 F1A322 000000 F1A322 000000 F1A322 000000 000000 000000 000000 000000 F1A322 000000 000000 000000 F1A322 000000 F1A322 000000 F1A322 000000 000000 000000 000000 F1A322 000000 000000 000000 000000 000000 000000 000000 000000 000000 000000
000000 000000 000000 000000 000000 000000 000000 000000 000000 F1A322 000000 000000 000000 000000 F1A322 000000 000000 F1A322 000000 F1A322 000000 F1A322 F1A322 000000 000000 000000 000000 000000 000000 F1A322 000000 000000 000000 F1A322 000000 F1A322 000000 F1A322 F1A322 F1A322 000000 000000 F1A322 000000 000000 000000 000000 000000 000000 000000 000000 000000 000000
000000 000000 000000 000000 000000 000000 000000 000000 000000 F1A322 000000 000000 000000 000000 F1A322 000000 000000 F1A322 000000 F1A322 000000 F1A322 000000 F1A322 000000 000000 000000 000000 000000 F1A322 000000 000000 000000 F1A322 000000 F1A322 000000 000000 000000 F1A322 000000 000000 F1A322 000000 000000 000000 000000 000000 000000 000000 000000 000000 000000
000000 000000 000000 000000 000000 000000 000000 000000 000000 F1A322 F1A322 F1A322 000000 F1A322 F1A322 F1A322 000000 F1A322 000000 F1A322 000000 F1A322 000000 F1A322 000000 000000 000000 000000 000000 F1A322 F1A322 F1A322 000000 F1A322 F1A322 F1A322 000000 F1A322 F1A322 F1A322 000000 000000 F1A322 000000 000000 000000 000000 000000 000000 000000 000000 000000 000000
000000 000000 000000 000000 000000 000000 000000 000000 000000 000000 000000 000000 000000 000000 000000 000000 000000 000000 000000 000000 000000 000000 000000 000000 000000 000000 000000 000000 000000 000000 000000 000000 000000 000000 000000 000000 000000 000000 000000 000000 000000 000000 000000 000000 000000 000000 000000 000000 000000 000000 000000 000000 000000
000000 000000 000000 000000 000000 000000 000000 1B252C 000000 000000 000000 000000 000000 000000 000000 000000 000000 000000 000000 000000 000000 000000 000000 000000 000000 000000 000000 000000 000000 000000 000000 000000 000000 000000 000000 000000 000000 000000 000000 000000 000000 000000 000000 000000 000000 000000 000000 000000 000000 000000 000000 000000 000000
000000 000000 000000 000000 000000 000000 000000 000000 000000 000000 000000 000000 000000 000000 000000 000000 000000 000000 000000 000000 000000 000000 000000 000000 000000 000000 000000 000000 000000 000000 000000 000000 000000 000000 000000 000000 000000 000000 000000 000000 000000 000000 000000 000000 000000 000000 000000 000000 000000 000000 000000 000000 000000
frame t=10.000
000000 000000 000000 000000 000000 000000 000000 000000 000000 000000 000000 000000 000000 000000 000000 000000 000000 000000 000000 000000 000000 000000 000000 000000 000000 000000 000000 000000 000000 000000 000000 000000 000000 000000 000000 000000 000000 000000 000000 000000 000000 000000 000000 000000 000000 000000 000000 000000 000000 000000 000000 000000 000000
000000 000000 000000 000000 000000 000000 000000 000000 000000 000000 000000 000000 000000 000000 000000 000000 000000 000000 000000 000000 000000 000000 000000 000000 000000 000000 000000 000000 000000 000000 000000 000000 000000 000000 000000 000000 000000 000000 000000 000000 000000 000000 000000 000000 000000 000000 000000 000000 000000 000000 000000 000000 000000
000000 000000 000000 000000 000000 000000 000000 000000 000000 000000 000000 000000 000000 000000 000000 000000 000000 000000 000000 000000 000000 000000 000000 000000 000000 000000 000000 000000 000000 000000 000000 000000 000000 000000 000000 000000 000000 000000 000000 000000 000000 000000 000000 000000 000000 000000 000000 000000 000000 000000 000000 000000 000000
000000 000000 000000 000000 000000 000000 000000 000000 000000 E89D21 000000 000000 000000 E89D21 E89D21 E89D21 000000 E89D21 E89D21 000000 000000 E89D21 000000 E89D21 000000 000000 000000 000000 000000 E89D21 000000 000000 000000 E89D21 E89D21 E89D21 000000 E89D21 E89D21 E89D21 000000 E89D21 E89D21 E89D21 000000 000000 000000 000000 000000 000000 000000 000000 000000
000000 000000 000000 000000 000000 000000 000000 000000 000000 E89D21 000000 000000 000000 000000 E89D21 000000 000000 E89D21 000000 E89D21 000000 E89D21 000000 E89D21 000000 000000 000000 000000 000000 E89D21 000000 000000 000000 E89D21 000000 E89D21 000000 E89D21 000000 000000 000000 000000 E89D21 000000 000000 000000 000000 000000 000000 000000 000000 000000 000000
000000 000000 000000 000000 000000 000000 000000 000000 000000 E89D21 000000 000000 000000 000000 E89D21 000000 000000 E89D21 000000 E89D21 000000 E89D21 E89D21 000000 000000 000000 000000 000000 000000 E89D21 000000 000000 000000 E89D21 000000 E89D21 000000 E89D21 E89D21 E89D21 000000 000000 E89D21 000000 000000 000000 000000 000000 000000 000000 000000 000000 000000
000000 000000 000000 000000 000000 000000 000000 000000 000000 E89D21 000000 000000 000000 000000 E89D21 000000 000000 E89D21 000000 E89D21 000000 E89D21 000000 E89D21 000000 000000 000000 000000 000000 E89D21 000000 000000 000000 E89D21 000000 E89D21 000000 000000 000000 E89D21 000000 000000 E89D21 000000 000000 000000 000000 000000 000000 000000 000000 000000 000000
000000 000000 000000 000000 000000 000000 000000 000000 000000 E89D21 E89D21 E89D21 000000 E89D21 E89D21 E89D21 000000 E89D21 000000 E89D21 000000 E89D21 000000 E89D21 000000 000000 000000 000000 000000 E89D21 E89D21 E89D21 000000 E89D21 E89D21 E89D21 000000 E89D21 E89D21 E89D21 000000 000000 E89D21 000000 000000 000000 000000 000000 000000 000000 000000 000000 000000
000000 000000 000000 000000 000000 000000 000000 000000 000000 000000 000000 000000 000000 000000 000000 000000 000000 000000 000000 000000 000000 000000 000000 000000 000000 000000 000000 000000 000000 000000 000000 000000 000000 000000 000000 000000 000000 000000 000000 000000 000000 000000 000000 000000 000000 000000 000000 000000 000000 000000 000000 000000 000000
000000 000000 000000 000000 000000 000000 000000 000000 000000 000000 000000 000000 000000 000000 1B252C 000000 000000 000000 000000 000000 000000 000000 000000 000000 000000 000000 000000 000000 000000 000000 000000 000000 000000 000000 000000 000000 000000 000000 000000 000000 000000 000000 000000 000000 000000 000000 000000 000000 000000 000000 000000 000000 000000
000000 000000 000000 000000 000000 000000 000000 000000 000000 000000 000000 000000 000000 000000 000000 000000 000000 000000 000000 000000 000000 000000 000000 000000 000000 000000 000000 000000 000000 000000 000000 000000 000000 000000 000000 000000 000000 000000 000000 000000 000000 000000 000000 000000 000000 000000 000000 000000 000000 000000 000000 000000 000000
