# panel golden A1 — flow gates
# generated by status-panel/firmware/test/panelParityTest.c from fixtures/parity-fixture.json (PARITY_REGEN=1)
# 53x11, one line per row, 53 RRGGBB tokens per line, post-flush 0..255 per channel
frame t=0.000
000000 000000 1A8AB4 000000 000000 000000 000000 000000 000000 000000 000000 000000 000000 000000 000000 000000 000000 000000 000000 000000 1A8AB4 000000 000000 000000 000000 000000 000000 000000 000000 000000 000000 000000 000000 000000 1A8AB4 000000 000000 000000 000000 000000 000000 000000 000000 000000 000000 000000 000000 1B93C0 000000 000000 000000 146E90 000000
000000 000000 1A8AB4 11181C 11181C 11181C 11181C 000000 000000 000000 000000 000000 000000 000000 000000 000000 000000 000000 000000 000000 1A8AB4 000000 000000 000000 000000 000000 000000 000000 000000 000000 000000 000000 000000 000000 1A8AB4 000000 000000 000000 000000 000000 000000 1A8AB4 000000 000000 000000 000000 000000 1B93C0 000000 000000 000000 146E90 000000
000000 000000 1A8AB4 000000 000000 000000 000000 11181C 11181C 11181C 11181C 11181C 11181C 11181C 11181C 11181C 000000 000000 000000 000000 1A8AB4 000000 000000 000000 000000 000000 000000 000000 000000 000000 000000 000000 000000 000000 1A8AB4 000000 000000 000000 000000 000000 000000 1A8AB4 000000 000000 000000 000000 000000 1B93C0 000000 000000 000000 146E90 000000
000000 000000 000000 000000 000000 000000 000000 000000 000000 000000 000000 000000 000000 000000 000000 000000 11181C 11181C 11181C 11181C 1A8AB4 161E23 161E23 161E23 161E23 161E23 000000 000000 000000 000000 000000 000000 000000 000000 1A8AB4 0C1114 000000 000000 000000 000000 000000 1A8AB4 000000 000000 000000 000000 000000 1B93C0 000000 000000 000000 146E90 146E90
000000 000000 000000 000000 000000 000000 000000 000000 000000 BF3A47 000000 000000 000000 000000 000000 000000 000000 000000 000000 000000 1A8AB4 000000 000000 000000 000000 000000 161E23 161E23 161E23 161E23 161E23 161E23 161E23 161E23 1A8AB4 161E23 0C1114 0C1114 0C1114 0C1114 000000 1A8AB4 000000 000000 000000 000000 000000 1B93C0 000000 000000 000000 146E90 146E90
000000 000000 000000 000000 000000 000000 000000 000000 000000 000000 030405 030405 000000 000000 000000 000000 000000 000000 000000 000000 1A8AB4 000000 000000 000000 000000 000000 000000 000000 000000 000000 1B242B 1B242B 1B242B 000000 1A8AB4 000000 161E23 161E23 161E23 161E23 0C1114 1A8AB4 1B242B 1B242B 1B242B 1B242B 1B242B 1B93C0 1F2B32 1F2B32 1F2B32 146E90 146E90
000000 000000 000000 000000 000000 000000 000000 000000 000000 BF3A47 000000 000000 030405 030405 030405 030405 030405 030405 000000 000000 000000 000000 000000 000000 000000 000000 000000 B87D1A 1B242B 1B242B 000000 000000 000000 000000 000000 000000 000000 000000 000000 11181C 11181C 1A8AB4 000000 000000 000000 000000 000000 1B93C0 000000 000000 000000 146E90 146E90
000000 000000 000000 000000 000000 000000 000000 000000 000000 000000 000000 000000 000000 000000 000000 000000 000000 000000 030405 030405 030405 030405 030405 030405 1B242B 1B242B 1B242B B87D1A 000000 000000 000000 000000 000000 000000 11181C 11181C 11181C 11181C 11181C 000000 000000 1A8AB4 000000 000000 000000 000000 000000 1B93C0 000000 000000 000000 146E90 146E90
000000 000000 000000 000000 000000 000000 000000 000000 000000 000000 000000 000000 000000 000000 000000 000000 1A8AB4 000000 000000 000000 000000 1B242B 1B242B 1B242B 030405 030405 030405 B87D1A 11181C 11181C 11181C 11181C 11181C 11181C 000000 000000 000000 000000 000000 000000 000000 1A8AB4 000000 000000 000000 000000 000000 1B93C0 000000 000000 000000 146E90 000000
000000 000000 000000 000000 000000 000000 000000 000000 000000 000000 000000 000000 000000 000000 000000 000000 1A8AB4 1B242B 1B242B 1B242B 1B242B 000000 000000 000000 000000 000000 000000 B87D1A 000000 000000 000000 000000 000000 000000 000000 000000 000000 000000 000000 000000 000000 000000 000000 000000 000000 000000 000000 1B93C0 000000 000000 000000 146E90 000000
000000 000000 000000 000000 000000 000000 000000 000000 000000 000000 000000 000000 000000 000000 000000 000000 1A8AB4 000000 000000 000000 000000 000000 000000 000000 000000 000000 000000 B87D1A 000000 000000 000000 000000 000000 000000 000000 000000 000000 000000 000000 000000 000000 000000 000000 000000 000000 000000 000000 1B93C0 000000 000000 000000 146E90 000000
frame t=5.000
000000 000000 1A8AB4 000000 000000 000000 000000 000000 000000 000000 000000 000000 000000 000000 000000 000000 000000 000000 000000 000000 1A8AB4 000000 000000 000000 000000 000000 000000 000000 000000 000000 000000 000000 000000 000000 1A8AB4 000000 000000 000000 000000 000000 000000 000000 000000 000000 000000 000000 000000 1B93C0 000000 000000 000000 146E90 000000
000000 000000 1A8AB4 11181C 11181C 11181C 11181C 000000 000000 000000 000000 000000 000000 000000 000000 000000 000000 000000 000000 000000 1A8AB4 000000 000000 000000 000000 000000 000000 000000 000000 000000 000000 000000 000000 000000 1A8AB4 000000 000000 000000 000000 000000 000000 1A8AB4 000000 000000 000000 000000 000000 1B93C0 000000 000000 000000 146E90 000000
000000 000000 1A8AB4 000000 000000 000000 000000 11181C 11181C 11181C 11181C 11181C 11181C 11181C 11181C 11181C 000000 000000 000000 000000 1A8AB4 000000 000000 000000 000000 000000 000000 000000 000000 000000 000000 000000 000000 000000 1A8AB4 000000 000000 000000 000000 000000 000000 1A8AB4 000000 000000 000000 000000 000000 1B93C0 000000 000000 000000 146E90 000000
000000 000000 000000 000000 000000 000000 000000 000000 000000 000000 000000 000000 000000 000000 000000 000000 11181C 11181C 11181C 11181C 1A8AB4 161E23 161E23 161E23 161E23 161E23 000000 000000 000000 000000 000000 000000 000000 000000 1A8AB4 0C1114 000000 000000 000000 000000 000000 1A8AB4 000000 000000 000000 000000 000000 1B93C0 000000 000000 000000 146E90 146E90
000000 000000 000000 000000 000000 000000 000000 000000 000000 BF3A47 000000 000000 000000 000000 000000 000000 000000 000000 000000 000000 1A8AB4 000000 000000 000000 000000 000000 161E23 161E23 161E23 161E23 161E23 161E23 161E23 161E23 1A8AB4 161E23 0C1114 0C1114 0C1114 0C1114 000000 1A8AB4 000000 000000 000000 000000 000000 1B93C0 000000 000000 000000 146E90 146E90
000000 000000 000000 000000 000000 000000 000000 000000 000000 000000 030405 030405 000000 000000 000000 000000 000000 000000 000000 000000 1A8AB4 000000 000000 000000 000000 000000 000000 000000 000000 000000 1B242B 1B242B 1B242B 000000 1A8AB4 000000 161E23 161E23 161E23 161E23 0C1114 1A8AB4 1B242B 1B242B 1B242B 1B242B 1B242B 1B93C0 1F2B32 1F2B32 1F2B32 146E90 146E90
000000 000000 000000 000000 000000 000000 000000 000000 000000 BF3A47 000000 000000 030405 030405 030405 030405 030405 030405 000000 000000 000000 000000 000000 000000 000000 000000 000000 B87D1A 1B242B 1B242B 000000 000000 000000 000000 000000 000000 000000 000000 000000 11181C 11181C 1A8AB4 000000 000000 000000 000000 000000 1B93C0 000000 000000 000000 146E90 146E90
000000 000000 000000 000000 000000 000000 000000 000000 000000 000000 000000 000000 000000 000000 000000 000000 000000 000000 030405 030405 030405 030405 030405 030405 1B242B 1B242B 1B242B B87D1A 000000 000000 000000 000000 000000 000000 11181C 11181C 11181C 11181C 11181C 000000 000000 1A8AB4 000000 000000 000000 000000 000000 1B93C0 000000 000000 000000 146E90 146E90
000000 000000 000000 000000 000000 000000 000000 000000 000000 000000 000000 000000 000000 000000 000000 000000 1A8AB4 000000 000000 000000 000000 1B242B 1B242B 1B242B 030405 030405 030405 B87D1A 11181C 11181C 11181C 11181C 11181C 11181C 000000 000000 000000 000000 000000 000000 000000 1A8AB4 000000 000000 000000 000000 000000 1B93C0 000000 000000 000000 146E90 000000
000000 000000 000000 000000 000000 000000 000000 000000 000000 000000 000000 000000 000000 000000 000000 000000 1A8AB4 1B242B 1B242B 1B242B 1B242B 000000 000000 000000 000000 000000 000000 B87D1A 000000 000000 000000 000000 000000 000000 000000 000000 000000 000000 000000 000000 000000 000000 000000 000000 000000 000000 000000 1B93C0 000000 000000 000000 146E90 000000
000000 000000 000000 000000 000000 000000 000000 000000 000000 000000 000000 000000 000000 000000 000000 000000 1A8AB4 000000 000000 000000 000000 000000 000000 000000 000000 000000 000000 B87D1A 000000 000000 000000 000000 000000 000000 000000 000000 000000 000000 000000 000000 000000 000000 000000 000000 000000 000000 000000 1B93C0 000000 000000 000000 146E90 000000
frame t=10.000
000000 000000 1A8AB4 000000 000000 000000 000000 000000 000000 000000 000000 000000 000000 000000 000000 000000 000000 000000 000000 000000 1A8AB4 000000 000000 000000 000000 000000 000000 000000 000000 000000 000000 000000 000000 000000 1A8AB4 000000 000000 000000 000000 000000 000000 000000 000000 000000 000000 000000 000000 1B93C0 000000 000000 000000 146E90 000000
000000 000000 1A8AB4 11181C 11181C 11181C 11181C 000000 000000 000000 000000 000000 000000 000000 000000 000000 000000 000000 000000 000000 1A8AB4 000000 000000 000000 000000 000000 000000 000000 000000 000000 000000 000000 000000 000000 1A8AB4 000000 000000 000000 000000 000000 000000 1A8AB4 000000 000000 000000 000000 000000 1B93C0 000000 000000 000000 146E90 000000
000000 000000 1A8AB4 000000 000000 000000 000000 11181C 11181C 11181C 11181C 11181C 11181C 11181C 11181C 11181C 000000 000000 000000 000000 1A8AB4 000000 000000 000000 000000 000000 000000 000000 000000 000000 000000 000000 000000 000000 1A8AB4 000000 000000 000000 000000 000000 000000 1A8AB4 000000 000000 000000 000000 000000 1B93C0 000000 000000 000000 146E90 000000
000000 000000 000000 000000 000000 000000 000000 000000 000000 000000 000000 000000 000000 000000 000000 000000 11181C 11181C 11181C 11181C 1A8AB4 161E23 161E23 161E23 161E23 161E23 000000 000000 000000 000000 000000 000000 000000 000000 1A8AB4 0C1114 000000 000000 000000 000000 000000 1A8AB4 000000 000000 000000 000000 000000 1B93C0 000000 000000 000000 146E90 146E90
000000 000000 000000 000000 000000 000000 000000 000000 000000 BF3A47 000000 000000 000000 000000 000000 000000 000000 000000 000000 000000 1A8AB4 000000 000000 000000 000000 000000 161E23 161E23 161E23 161E23 161E23 161E23 161E23 161E23 1A8AB4 161E23 0C1114 0C1114 0C1114 0C1114 000000 1A8AB4 000000 000000 000000 000000 000000 1B93C0 000000 000000 000000 146E90 146E90
000000 000000 000000 000000 000000 000000 000000 000000 000000 000000 030405 030405 000000 000000 000000 000000 000000 000000 000000 000000 1A8AB4 000000 000000 000000 000000 000000 000000 000000 000000 000000 1B242B 1B242B 1B242B 000000 1A8AB4 000000 161E23 161E23 161E23 161E23 0C1114 1A8AB4 1B242B 1B242B 1B242B 1B242B 1B242B 1B93C0 1F2B32 1F2B32 1F2B32 146E90 146E90
000000 000000 000000 000000 000000 000000 000000 000000 000000 BF3A47 000000 000000 030405 030405 030405 030405 030405 030405 000000 000000 000000 000000 000000 000000 000000 000000 000000 B87D1A 1B242B 1B242B 000000 000000 000000 000000 000000 000000 000000 000000 000000 11181C 11181C 1A8AB4 000000 000000 000000 000000 000000 1B93C0 000000 000000 000000 146E90 146E90
000000 000000 000000 000000 000000 000000 000000 000000 000000 000000 000000 000000 000000 000000 000000 000000 000000 000000 030405 030405 030405 030405 030405 030405 1B242B 1B242B 1B242B B87D1A 000000 000000 000000 000000 000000 000000 11181C 11181C 11181C 11181C 11181C 000000 000000 1A8AB4 000000 000000 000000 000000 000000 1B93C0 000000 000000 000000 146E90 146E90
000000 000000 000000 000000 000000 000000 000000 000000 000000 000000 000000 000000 000000 000000 000000 000000 1A8AB4 000000 000000 000000 000000 1B242B 1B242B 1B242B 030405 030405 030405 B87D1A 11181C 11181C 11181C 11181C 11181C 11181C 000000 000000 000000 000000 000000 000000 000000 1A8AB4 000000 000000 000000 000000 000000 1B93C0 000000 000000 000000 146E90 000000
000000 000000 000000 000000 000000 000000 000000 000000 000000 000000 000000 000000 000000 000000 000000 000000 1A8AB4 1B242B 1B242B 1B242B 1B242B 000000 000000 000000 000000 000000 000000 B87D1A 000000 000000 000000 000000 000000 000000 000000 000000 000000 000000 000000 000000 000000 000000 000000 000000 000000 000000 000000 1B93C0 000000 000000 000000 146E90 000000
000000 000000 000000 000000 000000 000000 000000 000000 000000 000000 000000 000000 000000 000000 000000 000000 1A8AB4 000000 000000 000000 000000 000000 000000 000000 000000 000000 000000 B87D1A 000000 000000 000000 000000 000000 000000 000000 000000 000000 000000 000000 000000 000000 000000 000000 000000 000000 000000 000000 1B93C0 000000 000000 000000 146E90 000000
