# panel golden nodata — CONTRACT §9 zero-node fleet
# generated by status-panel/firmware/test/panelParityTest.c from fixtures/parity-fixture.json (PARITY_REGEN=1)
# 53x11, one line per row, 53 RRGGBB tokens per line, post-flush 0..255 per channel
frame t=0.000
000000 000000 000000 000000 000000 000000 000000 000000 000000 000000 000000 000000 000000 000000 000000 000000 000000 000000 000000 000000 000000 000000 000000 000000 000000 000000 000000 000000 000000 000000 000000 000000 000000 000000 000000 000000 000000 000000 000000 000000 000000 000000 000000 000000 000000 000000 000000 000000 000000 000000 000000 000000 000000
000000 000000 000000 000000 000000 000000 000000 000000 000000 000000 000000 000000 000000 000000 000000 000000 000000 000000 000000 000000 000000 000000 000000 000000 000000 000000 000000 000000 000000 000000 000000 000000 000000 000000 000000 000000 000000 000000 000000 000000 000000 000000 000000 000000 000000 000000 000000 000000 000000 000000 000000 000000 000000
000000 000000 000000 000000 000000 000000 000000 000000 000000 000000 000000 000000 000000 000000 000000 000000 000000 000000 000000 000000 000000 000000 000000 000000 000000 000000 000000 000000 000000 000000 000000 000000 000000 000000 000000 000000 000000 000000 000000 000000 000000 000000 000000 000000 000000 000000 000000 000000 000000 000000 000000 000000 000000
000000 000000 000000 000000 000000 000000 000000 000000 000000 000000 000000 000000 000000 1FA6D9 1FA6D9 000000 000000 1FA6D9 1FA6D9 1FA6D9 000000 000000 000000 000000 000000 1FA6D9 1FA6D9 000000 000000 1FA6D9 1FA6D9 1FA6D9 000000 1FA6D9 1FA6D9 1FA6D9 000000 1FA6D9 1FA6D9 1FA6D9 000000 000000 000000 000000 000000 000000 000000 000000 000000 000000 000000 000000 000000
000000 000000 000000 000000 000000 000000 000000 000000 000000 000000 000000 000000 000000 1FA6D9 000000 1FA6D9 000000 1FA6D9 000000 1FA6D9 000000 000000 000000 000000 000000 1FA6D9 000000 1FA6D9 000000 1FA6D9 000000 1FA6D9 000000 000000 1FA6D9 000000 000000 1FA6D9 000000 1FA6D9 000000 000000 000000 000000 000000 000000 000000 000000 000000 000000 000000 000000 000000
000000 000000 000000 000000 000000 000000 000000 000000 000000 000000 000000 000000 000000 1FA6D9 000000 1FA6D9 000000 1FA6D9 000000 1FA6D9 000000 000000 000000 000000 000000 1FA6D9 000000 1FA6D9 000000 1FA6D9 1FA6D9 1FA6D9 000000 000000 1FA6D9 000000 000000 1FA6D9 1FA6D9 1FA6D9 000000 000000 000000 000000 000000 000000 000000 000000 000000 000000 000000 000000 000000
000000 000000 000000 000000 000000 000000 000000 000000 000000 000000 000000 000000 000000 1FA6D9 000000 1FA6D9 000000 1FA6D9 000000 1FA6D9 000000 000000 000000 000000 000000 1FA6D9 000000 1FA6D9 000000 1FA6D9 000000 1FA6D9 000000 000000 1FA6D9 000000 000000 1FA6D9 000000 1FA6D9 000000 000000 000000 000000 000000 000000 000000 000000 000000 000000 000000 000000 000000
000000 000000 000000 000000 000000 000000 000000 000000 000000 000000 000000 000000 000000 1FA6D9 000000 1FA6D9 000000 1FA6D9 1FA6D9 1FA6D9 000000 000000 000000 000000 000000 1FA6D9 1FA6D9 000000 000000 1FA6D9 000000 1FA6D9 000000 000000 1FA6D9 000000 000000 1FA6D9 000000 1FA6D9 000000 000000 000000 000000 000000 000000 000000 000000 000000 000000 000000 000000 000000
000000 000000 000000 000000 000000 000000 000000 000000 000000 000000 000000 000000 000000 000000 000000 000000 000000 000000 000000 000000 000000 000000 000000 000000 000000 000000 000000 000000 000000 000000 000000 000000 000000 000000 000000 000000 000000 000000 000000 000000 000000 000000 000000 000000 000000 000000 000000 000000 000000 000000 000000 000000 000000
040506 000000 000000 000000 040506 000000 000000 000000 040506 000000 000000 000000 040506 000000 000000 000000 040506 000000 000000 000000 040506 000000 000000 000000 040506 000000 000000 000000 040506 000000 000000 000000 040506 000000 000000 000000 040506 000000 000000 000000 040506 000000 000000 000000 040506 000000 000000 000000 040506 000000 000000 000000 040506
000000 000000 000000 000000 000000 000000 000000 000000 000000 000000 000000 000000 000000 000000 000000 000000 000000 000000 000000 000000 000000 000000 000000 000000 000000 000000 000000 000000 000000 000000 000000 000000 000000 000000 000000 000000 000000 000000 000000 000000 000000 000000 000000 000000 000000 000000 000000 000000 000000 000000 000000 000000 000000
frame t=5.000
000000 000000 000000 000000 000000 000000 000000 000000 000000 000000 000000 000000 000000 000000 000000 000000 000000 000000 000000 000000 000000 000000 000000 000000 000000 000000 000000 000000 000000 000000 000000 000000 000000 000000 000000 000000 000000 000000 000000 000000 000000 000000 000000 000000 000000 000000 000000 000000 000000 000000 000000 000000 000000
000000 000000 000000 000000 000000 000000 000000 000000 000000 000000 000000 000000 000000 000000 000000 000000 000000 000000 000000 000000 000000 000000 000000 000000 000000 000000 000000 000000 000000 000000 000000 000000 000000 000000 000000 000000 000000 000000 000000 000000 000000 000000 000000 000000 000000 000000 000000 000000 000000 000000 000000 000000 000000
000000 000000 000000 000000 000000 000000 000000 000000 000000 000000 000000 000000 000000 000000 000000 000000 000000 000000 000000 000000 000000 000000 000000 000000 000000 000000 000000 000000 000000 000000 000000 000000 000000 000000 000000 000000 000000 000000 000000 000000 000000 000000 000000 000000 000000 000000 000000 000000 000000 000000 000000 000000 000000
000000 000000 000000 000000 000000 000000 000000 000000 000000 000000 000000 000000 000000 1EA5D7 1EA5D7 000000 000000 1EA5D7 1EA5D7 1EA5D7 000000 000000 000000 000000 000000 1EA5D7 1EA5D7 000000 000000 1EA5D7 1EA5D7 1EA5D7 000000 1EA5D7 1EA5D7 1EA5D7 000000 1EA5D7 1EA5D7 1EA5D7 000000 000000 000000 000000 000000 000000 000000 000000 000000 000000 000000 000000 000000
000000 000000 000000 000000 000000 000000 000000 000000 000000 000000 000000 000000 000000 1EA5D7 000000 1EA5D7 000000 1EA5D7 000000 1EA5D7 000000 000000 000000 000000 000000 1EA5D7 000000 1EA5D7 000000 1EA5D7 000000 1EA5D7 000000 000000 1EA5D7 000000 000000 1EA5D7 000000 1EA5D7 000000 000000 000000 000000 000000 000000 000000 000000 000000 000000 000000 000000 000000
000000 000000 000000 000000 000000 000000 000000 000000 000000 000000 000000 000000 000000 1EA5D7 000000 1EA5D7 000000 1EA5D7 000000 1EA5D7 000000 000000 000000 000000 000000 1EA5D7 000000 1EA5D7 000000 1EA5D7 1EA5D7 1EA5D7 000000 000000 1EA5D7 000000 000000 1EA5D7 1EA5D7 1EA5D7 000000 000000 000000 000000 000000 000000 000000 000000 000000 000000 000000 000000 000000
000000 000000 000000 000000 000000 000000 000000 000000 000000 000000 000000 000000 000000 1EA5D7 000000 1EA5D7 000000 1EA5D7 000000 1EA5D7 000000 000000 000000 000000 000000 1EA5D7 000000 1EA5D7 000000 1EA5D7 000000 1EA5D7 000000 000000 1EA5D7 000000 000000 1EA5D7 000000 1EA5D7 000000 000000 000000 000000 000000 000000 000000 000000 000000 000000 000000 000000 000000
000000 000000 000000 000000 000000 000000 000000 000000 000000 000000 000000 000000 000000 1EA5D7 000000 1EA5D7 000000 1EA5D7 1EA5D7 1EA5D7 000000 000000 000000 000000 000000 1EA5D7 1EA5D7 000000 000000 1EA5D7 000000 1EA5D7 000000 000000 1EA5D7 000000 000000 1EA5D7 000000 1EA5D7 000000 000000 000000 000000 000000 000000 000000 000000 000000 000000 000000 000000 000000
000000 000000 000000 000000 000000 000000 000000 000000 000000 000000 000000 000000 000000 000000 000000 000000 000000 000000 000000 000000 000000 000000 000000 000000 000000 000000 000000 000000 000000 000000 000000 000000 000000 000000 000000 000000 000000 000000 000000 000000 000000 000000 000000 000000 000000 000000 000000 000000 000000 000000 000000 000000 000000
040506 000000 000000 000000 040506 000000 000000 000000 040506 000000 000000 000000 040506 000000 000000 000000 040506 000000 000000 000000 040506 000000 000000 000000 040506 000000 000000 000000 040506 000000 000000 000000 040506 000000 000000 000000 040506 000000 000000 000000 040506 000000 000000 000000 040506 000000 000000 000000 040506 000000 000000 000000 040506
000000 000000 000000 000000 000000 000000 000000 000000 000000 000000 000000 000000 000000 000000 000000 000000 000000 000000 000000 000000 000000 000000 000000 000000 000000 000000 000000 000000 000000 000000 000000 000000 000000 000000 000000 000000 000000 000000 000000 000000 000000 000000 000000 000000 000000 000000 000000 000000 000000 000000 000000 000000 000000
frame t=10.000
000000 000000 000000 000000 000000 000000 000000 000000 000000 000000 000000 000000 000000 000000 000000 000000 000000 000000 000000 000000 000000 000000 000000 000000 000000 000000 000000 000000 000000 000000 000000 000000 000000 000000 000000 000000 000000 000000 000000 000000 000000 000000 000000 000000 000000 000000 000000 000000 000000 000000 000000 000000 000000
000000 000000 000000 000000 000000 000000 000000 000000 000000 000000 000000 000000 000000 000000 000000 000000 000000 000000 000000 000000 000000 000000 000000 000000 000000 000000 000000 000000 000000 000000 000000 000000 000000 000000 000000 000000 000000 000000 000000 000000 000000 000000 000000 000000 000000 000000 000000 000000 000000 000000 000000 000000 000000
000000 000000 000000 000000 000000 000000 000000 000000 000000 000000 000000 000000 000000 000000 000000 000000 000000 000000 000000 000000 000000 000000 000000 000000 000000 000000 000000 000000 000000 000000 000000 000000 000000 000000 000000 000000 000000 000000 000000 000000 000000 000000 000000 000000 000000 000000 000000 000000 000000 000000 000000 000000 000000
000000 000000 000000 000000 000000 000000 000000 000000 000000 000000 000000 000000 000000 1FA8DB 1FA8DB 000000 000000 1FA8DB 1FA8DB 1FA8DB 000000 000000 000000 000000 000000 1FA8DB 1FA8DB 000000 000000 1FA8DB 1FA8DB 1FA8DB 000000 1FA8DB 1FA8DB 1FA8DB 000000 1FA8DB 1FA8DB 1FA8DB 000000 000000 000000 000000 000000 000000 000000 000000 000000 000000 000000 000000 000000
000000 000000 000000 000000 000000 000000 000000 000000 000000 000000 000000 000000 000000 1FA8DB 000000 1FA8DB 000000 1FA8DB 000000 1FA8DB 000000 000000 000000 000000 000000 1FA8DB 000000 1FA8DB 000000 1FA8DB 000000 1FA8DB 000000 000000 1FA8DB 000000 000000 1FA8DB 000000 1FA8DB 000000 000000 000000 000000 000000 000000 000000 000000 000000 000000 000000 000000 000000
000000 000000 000000 000000 000000 000000 000000 000000 000000 000000 000000 000000 000000 1FA8DB 000000 1FA8DB 000000 1FA8DB 000000 1FA8DB 000000 000000 000000 000000 000000 1FA8DB 000000 1FA8DB 000000 1FA8DB 1FA8DB 1FA8DB 000000 000000 1FA8DB 000000 000000 1FA8DB 1FA8DB 1FA8DB 000000 000000 000000 000000 000000 000000 000000 000000 000000 000000 000000 000000 000000
000000 000000 000000 000000 000000 000000 000000 000000 000000 000000 000000 000000 000000 1FA8DB 000000 1FA8DB 000000 1FA8DB 000000 1FA8DB 000000 000000 000000 000000 000000 1FA8DB 000000 1FA8DB 000000 1FA8DB 000000 1FA8DB 000000 000000 1FA8DB 000000 000000 1FA8DB 000000 1FA8DB 000000 000000 000000 000000 000000 000000 000000 000000 000000 000000 000000 000000 000000
000000 000000 000000 000000 000000 000000 000000 000000 000000 000000 000000 000000 000000 1FA8DB 000000 1FA8DB 000000 1FA8DB 1FA8DB 1FA8DB 000000 000000 000000 000000 000000 1FA8DB 1FA8DB 000000 000000 1FA8DB 000000 1FA8DB 000000 000000 1FA8DB 000000 000000 1FA8DB 000000 1FA8DB 000000 000000 000000 000000 000000 000000 000000 000000 000000 000000 000000 000000 000000
000000 000000 000000 000000 000000 000000 000000 000000 000000 000000 000000 000000 000000 000000 000000 000000 000000 000000 000000 000000 000000 000000 000000 000000 000000 000000 000000 000000 000000 000000 000000 000000 000000 000000 000000 000000 000000 000000 000000 000000 000000 000000 000000 000000 000000 000000 000000 000000 000000 000000 000000 000000 000000
040506 000000 000000 000000 040506 000000 000000 000000 040506 000000 000000 000000 040506 000000 000000 000000 040506 000000 000000 000000 040506 000000 000000 000000 040506 000000 000000 000000 040506 000000 000000 000000 040506 000000 000000 000000 040506 000000 000000 000000 040506 000000 000000 000000 040506 000000 000000 000000 040506 000000 000000 000000 040506
000000 000000 000000 000000 000000 000000 000000 000000 000000 000000 000000 000000 000000 000000 000000 000000 000000 000000 000000 000000 000000 000000 000000 000000 000000 000000 000000 000000 000000 000000 000000 000000 000000 000000 000000 000000 000000 000000 000000 000000 000000 000000 000000 000000 000000 000000 000000 000000 000000 000000 000000 000000 000000
