# panel golden C2 — pool load
# generated by status-panel/firmware/test/panelParityTest.c from fixtures/parity-fixture.json (PARITY_REGEN=1)
# 53x11, one line per row, 53 RRGGBB tokens per line, post-flush 0..255 per channel
frame t=0.000
06090A 020203 020203 020203 06090A 020203 020203 020203 06090A 020203 020203 020203 06090A 020203 020203 020203 06090A 020203 020203 020203 06090A 020203 020203 020203 06090A 020203 020203 020203 06090A 020203 020203 020203 06090A 020203 020203 020203 06090A 020203 020203 020203 06090A 020203 020203 020203 06090A 020203 020203 020203 06090A 020203 020203 020203 06090A
000000 000000 000000 000000 000000 000000 000000 000000 000000 000000 000000 000000 000000 000000 000000 000000 000000 000000 000000 000000 000000 000000 000000 000000 000000 000000 000000 000000 000000 000000 000000 000000 000000 000000 000000 000000 000000 000000 000000 000000 000000 000000 000000 000000 000000 000000 000000 000000 000000 000000 000000 000000 000000
E64555 000000 072835 072835 072835 072835 072835 072835 072835 072835 146E90 020304 020304 020304 020304 020304 020304 020304 020304 020304 020304 020304 020304 020304 020304 020304 020304 020304 020304 020304 020304 020304 020304 020304 020304 020304 020304 020304 020304 020304 020304 020304 020304 020304 020304 020304 020304 020304 000000 2E0E11 000000 000000 000000
936415 000000 072835 072835 072835 072835 072835 072835 072835 072835 072835 072835 072835 072835 072835 072835 072835 072835 072835 072835 072835 072835 072835 072835 072835 072835 072835 072835 072835 072835 072835 072835 072835 072835 072835 362508 362508 362508 362508 362508 362508 362508 992E38 020304 020304 020304 020304 020304 000000 000000 000000 000000 000000
936415 000000 072835 072835 072835 072835 072835 072835 072835 072835 072835 072835 072835 072835 072835 072835 072835 072835 072835 072835 072835 146E90 020304 020304 020304 020304 020304 020304 020304 020304 020304 020304 020304 020304 020304 020304 020304 020304 020304 020304 020304 020304 020304 020304 020304 020304 020304 020304 000000 000000 000000 000000 000000
090D0F 000000 072835 072835 072835 072835 072835 072835 072835 072835 072835 072835 072835 072835 072835 072835 072835 072835 072835 072835 072835 072835 072835 072835 072835 072835 072835 072835 072835 072835 072835 072835 072835 072835 072835 362508 936415 020304 020304 020304 020304 020304 020304 020304 020304 020304 020304 020304 000000 000000 000000 000000 000000
000000 000000 000000 000000 000000 000000 000000 000000 000000 000000 000000 000000 000000 000000 000000 000000 000000 000000 000000 000000 000000 000000 000000 000000 000000 000000 000000 000000 000000 000000 000000 000000 000000 000000 000000 000000 000000 000000 000000 000000 000000 000000 000000 000000 000000 000000 000000 000000 000000 000000 000000 000000 000000
000000 000000 000000 000000 000000 000000 000000 000000 000000 000000 000000 000000 000000 000000 000000 000000 000000 000000 000000 000000 000000 000000 000000 000000 000000 000000 000000 000000 000000 000000 000000 000000 000000 000000 000000 000000 000000 000000 000000 000000 000000 000000 000000 000000 000000 000000 000000 000000 000000 000000 000000 000000 000000
000000 000000 000000 000000 000000 000000 000000 000000 000000 000000 000000 000000 000000 000000 000000 000000 000000 000000 000000 000000 000000 000000 000000 000000 000000 000000 000000 000000 000000 000000 000000 000000 000000 000000 000000 000000 000000 000000 000000 000000 000000 000000 000000 000000 000000 000000 000000 000000 000000 000000 000000 000000 000000
000000 000000 000000 000000 000000 000000 000000 000000 000000 000000 000000 000000 000000 000000 000000 000000 000000 000000 000000 000000 000000 000000 000000 000000 000000 000000 000000 000000 000000 000000 000000 000000 000000 000000 000000 000000 000000 000000 000000 000000 000000 000000 000000 000000 000000 000000 000000 000000 000000 000000 000000 000000 000000
000000 000000 000000 000000 000000 000000 000000 000000 000000 000000 000000 000000 000000 000000 000000 000000 000000 000000 000000 000000 000000 000000 000000 000000 000000 000000 000000 000000 000000 000000 000000 000000 000000 000000 000000 000000 000000 000000 000000 000000 000000 000000 000000 000000 000000 000000 000000 000000 000000 000000 000000 000000 000000
frame t=5.000
06090A 020203 020203 020203 06090A 020203 020203 020203 06090A 020203 020203 020203 06090A 020203 020203 020203 06090A 020203 020203 020203 06090A 020203 020203 020203 06090A 020203 020203 020203 06090A 020203 020203 020203 06090A 020203 020203 020203 06090A 020203 020203 020203 06090A 020203 020203 020203 06090A 020203 020203 020203 06090A 020203 020203 020203 06090A
000000 000000 000000 000000 000000 000000 000000 000000 000000 000000 000000 000000 000000 000000 000000 000000 000000 000000 000000 000000 000000 000000 000000 000000 000000 000000 000000 000000 000000 000000 000000 000000 000000 000000 000000 000000 000000 000000 000000 000000 000000 000000 000000 000000 000000 000000 000000 000000 000000 000000 000000 000000 000000
E64555 000000 072835 072835 072835 072835 072835 072835 072835 072835 146E90 020304 020304 020304 020304 020304 020304 020304 020304 020304 020304 020304 020304 020304 020304 020304 020304 020304 020304 020304 020304 020304 020304 020304 020304 020304 020304 020304 020304 020304 020304 020304 020304 020304 020304 020304 020304 020304 000000 2E0E11 000000 000000 000000
936415 000000 072835 072835 072835 072835 072835 072835 072835 072835 072835 072835 072835 072835 072835 072835 072835 072835 072835 072835 072835 072835 072835 072835 072835 072835 072835 072835 072835 072835 072835 072835 072835 072835 072835 362508 362508 362508 362508 362508 362508 362508 992E38 020304 020304 020304 020304 020304 000000 000000 000000 000000 000000
936415 000000 072835 072835 072835 072835 072835 072835 072835 072835 072835 072835 072835 072835 072835 072835 072835 072835 072835 072835 072835 146E90 020304 020304 020304 020304 020304 020304 020304 020304 020304 020304 020304 020304 020304 020304 020304 020304 020304 020304 020304 020304 020304 020304 020304 020304 020304 020304 000000 000000 000000 000000 000000
090D0F 000000 072835 072835 072835 072835 072835 072835 072835 072835 072835 072835 072835 072835 072835 072835 072835 072835 072835 072835 072835 072835 072835 072835 072835 072835 072835 072835 072835 072835 072835 072835 072835 072835 072835 362508 936415 020304 020304 020304 020304 020304 020304 020304 020304 020304 020304 020304 000000 000000 000000 000000 000000
000000 000000 000000 000000 000000 000000 000000 000000 000000 000000 000000 000000 000000 000000 000000 000000 000000 000000 000000 000000 000000 000000 000000 000000 000000 000000 000000 000000 000000 000000 000000 000000 000000 000000 000000 000000 000000 000000 000000 000000 000000 000000 000000 000000 000000 000000 000000 000000 000000 000000 000000 000000 000000
000000 000000 000000 000000 000000 000000 000000 000000 000000 000000 000000 000000 000000 000000 000000 000000 000000 000000 000000 000000 000000 000000 000000 000000 000000 000000 000000 000000 000000 000000 000000 000000 000000 000000 000000 000000 000000 000000 000000 000000 000000 000000 000000 000000 000000 000000 000000 000000 000000 000000 000000 000000 000000
000000 000000 000000 000000 000000 000000 000000 000000 000000 000000 000000 000000 000000 000000 000000 000000 000000 000000 000000 000000 000000 000000 000000 000000 000000 000000 000000 000000 000000 000000 000000 000000 000000 000000 000000 000000 000000 000000 000000 000000 000000 000000 000000 000000 000000 000000 000000 000000 000000 000000 000000 000000 000000
000000 000000 000000 000000 000000 000000 000000 000000 000000 000000 000000 000000 000000 000000 000000 000000 000000 000000 000000 000000 000000 000000 000000 000000 000000 000000 000000 000000 000000 000000 000000 000000 000000 000000 000000 000000 000000 000000 000000 000000 000000 000000 000000 000000 000000 000000 000000 000000 000000 000000 000000 000000 000000
000000 000000 000000 000000 000000 000000 000000 000000 000000 000000 000000 000000 000000 000000 000000 000000 000000 000000 000000 000000 000000 000000 000000 000000 000000 000000 000000 000000 000000 000000 000000 000000 000000 000000 000000 000000 000000 000000 000000 000000 000000 000000 000000 000000 000000 000000 000000 000000 000000 000000 000000 000000 000000
frame t=10.000
06090A 020203 020203 020203 06090A 020203 020203 020203 06090A 020203 020203 020203 06090A 020203 020203 020203 06090A 020203 020203 020203 06090A 020203 020203 020203 06090A 020203 020203 020203 06090A 020203 020203 020203 06090A 020203 020203 020203 06090A 020203 020203 020203 06090A 020203 020203 020203 06090A 020203 020203 020203 06090A 020203 020203 020203 06090A
000000 000000 000000 000000 000000 000000 000000 000000 000000 000000 000000 000000 000000 000000 000000 000000 000000 000000 000000 000000 000000 000000 000000 000000 000000 000000 000000 000000 000000 000000 000000 000000 000000 000000 000000 000000 000000 000000 000000 000000 000000 000000 000000 000000 000000 000000 000000 000000 000000 000000 000000 000000 000000
E64555 000000 072835 072835 072835 072835 072835 072835 072835 072835 146E90 020304 020304 020304 020304 020304 020304 020304 020304 020304 020304 020304 020304 020304 020304 020304 020304 020304 020304 020304 020304 020304 020304 020304 020304 020304 020304 020304 020304 020304 020304 020304 020304 020304 020304 020304 020304 020304 000000 2E0E11 000000 000000 000000
936415 000000 072835 072835 072835 072835 072835 072835 072835 072835 072835 072835 072835 072835 072835 072835 072835 072835 072835 072835 072835 072835 072835 072835 072835 072835 072835 072835 072835 072835 072835 072835 072835 072835 072835 362508 362508 362508 362508 362508 362508 362508 992E38 020304 020304 020304 020304 020304 000000 000000 000000 000000 000000
936415 000000 072835 072835 072835 072835 072835 072835 072835 072835 072835 072835 072835 072835 072835 072835 072835 072835 072835 072835 072835 146E90 020304 020304 020304 020304 020304 020304 020304 020304 020304 020304 020304 020304 020304 020304 020304 020304 020304 020304 020304 020304 020304 020304 020304 020304 020304 020304 000000 000000 000000 000000 000000
090D0F 000000 072835 072835 072835 072835 072835 072835 072835 072835 072835 072835 072835 072835 072835 072835 072835 072835 072835 072835 072835 072835 072835 072835 072835 072835 072835 072835 072835 072835 072835 072835 072835 072835 072835 362508 936415 020304 020304 020304 020304 020304 020304 020304 020304 020304 020304 020304 000000 000000 000000 000000 000000
000000 000000 000000 000000 000000 000000 000000 000000 000000 000000 000000 000000 000000 000000 000000 000000 000000 000000 000000 000000 000000 000000 000000 000000 000000 000000 000000 000000 000000 000000 000000 000000 000000 000000 000000 000000 000000 000000 000000 000000 000000 000000 000000 000000 000000 000000 000000 000000 000000 000000 000000 000000 000000
000000 000000 000000 000000 000000 000000 000000 000000 000000 000000 000000 000000 000000 000000 000000 000000 000000 000000 000000 000000 000000 000000 000000 000000 000000 000000 000000 000000 000000 000000 000000 000000 000000 000000 000000 000000 000000 000000 000000 000000 000000 000000 000000 000000 000000 000000 000000 000000 000000 000000 000000 000000 000000
000000 000000 000000 000000 000000 000000 000000 000000 000000 000000 000000 000000 000000 000000 000000 000000 000000 000000 000000 000000 000000 000000 000000 000000 000000 000000 000000 000000 000000 000000 000000 000000 000000 000000 000000 000000 000000 000000 000000 000000 000000 000000 000000 000000 000000 000000 000000 000000 000000 000000 000000 000000 000000
000000 000000 000000 000000 000000 000000 000000 000000 000000 000000 000000 000000 000000 000000 000000 000000 000000 000000 000000 000000 000000 000000 000000 000000 000000 000000 000000 000000 000000 000000 000000 000000 000000 000000 000000 000000 000000 000000 000000 000000 000000 000000 000000 000000 000000 000000 000000 000000 000000 000000 000000 000000 000000
000000 000000 000000 000000 000000 000000 000000 000000 000000 000000 000000 000000 000000 000000 000000 000000 000000 000000 000000 000000 000000 000000 000000 000000 000000 000000 000000 000000 000000 000000 000000 000000 000000 000000 000000 000000 000000 000000 000000 000000 000000 000000 000000 000000 000000 000000 000000 000000 000000 000000 000000 000000 000000
